-0.02
-0.02
-0.02
-0.01
-0.02
-0.01
-0.02
-0.02
-0.02
-0.01
-0.02
-0.01
-0.01
-0.01
-0.01
-0.01
-0.01
-0.02
-0.02
-0.02
-0.01
-0.01
-0.01
-0.01
-0.01
-0.02
-0.01
-0.02
-0.01
-0.01
-0.01
-0.01
-0.01
-0.02
-0.02
-0.01
-0.01
-0.02
-0.01
-0.01
-0.01
-0.01
-0.01
-0.01
-0.02
-0.01
-0.02
-0.01
-0.01
-0.01
-0.01
-0.01
-0.02
-0.01
-0.01
-0.01
-0.02
-0.02
-0.02
-0.01
-0.02
-0.01
-0.01
-0.02
-0.02
-0.02
-0.02
-0.02
-0.01
-0.01
-0.01
-0.01
-0.01
-0.01
-0.02
-0.01
-0.01
-0.01
-0.02
-0.02
-0.02
-0.02
-0.01
-0.01
-0.01
-0.01
-0.02
-0.01
-0.01
-0.01
-0.01
-0.01
-0.02
-0.02
-0.01
-0.02
-0.01
-0.02
-0.02
-0.02
-0.01
-0.01
-0.02
-0.01
-0.01
-0.01
-0.01
-0.01
-0.01
-0.02
-0.01
-0.01
-0.02
-0.02
-0.01
-0.01
-0.01
-0.02
-0.02
-0.01
-0.01
-0.01
-0.01
-0.01
-0.01
-0.01
-0.02
-0.01
-0.01
-0.01
-0.02
-0.02
-0.01
-0.02
-0.02
-0.01
-0.01
-0.01
-0.01
-0.01
-0.02
-0.01
-0.02
-0.01
-0.02
-0.02
-0.02
-0.02
-0.02
-0.02
-0.02
-0.02
-0.02
-0.02
-0.02
-0.02
-0.02
-0.02
-0.02
-0.02
-0.01
-0.02
-0.02
-0.01
-0.01
-0.01
-0.01
-0.01
-0.01
-0.02
-0.02
-0.02
-0.02
-0.02
-0.01
-0.01
-0.02
-0.02
-0.02
-0.01
-0.01
-0.01
-0.02
-0.01
-0.01
-0.01
-0.01
-0.01
-0.01
-0.01
-0.01
-0.02
-0.02
-0.01
-0.01
-0.01
-0.01
-0.01
-0.01
-0.01
-0.01
-0.01
-0.01
-0.01
-0.01
-0.01
-0.01
-0.01
-0.02
-0.01
-0.02
-0.01
-0.01
-0.02
-0.01
-0.02
-0.01
-0.01
-0.02
-0.01
-0.01
-0.01
-0.01
-0.02
-0.02
-0.01
-0.02
-0.02
-0.02
-0.02
-0.03
-0.02
-0.02
-0.02
-0.02
-0.02
-0.02
-0.02
-0.02
-0.02
-0.02
-0.02
-0.02
-0.02
-0.01
-0.01
-0.02
-0.02
-0.01
-0.02
-0.02
-0.02
-0.00
-0.01
-0.01
-0.01
-0.01
-0.01
-0.02
-0.02
-0.01
-0.00
-0.00
-0.01
-0.01
-0.01
-0.00
-0.00
-0.01
-0.00
-0.01
-0.01
-0.01
-0.01
-0.00
-0.01
-0.01
-0.01
-0.01
-0.01
-0.01
-0.01
-0.01
-0.01
-0.01
-0.01
-0.01
-0.02
-0.02
-0.02
-0.02
-0.02
-0.02
-0.02
-0.02
-0.02
-0.02
-0.02
-0.02
-0.02
-0.02
-0.02
-0.01
-0.01
-0.02
-0.02
-0.02
-0.02
-0.02
-0.02
-0.01
-0.02
-0.02
-0.02
-0.02
-0.01
-0.02
-0.02
-0.01
-0.01
-0.01
-0.01
-0.01
-0.01
-0.01
-0.01
-0.01
-0.01
-0.01
-0.00
-0.01
-0.01
-0.00
-0.01
-0.01
-0.01
-0.00
-0.01
-0.01
-0.01
-0.01
-0.01
-0.01
-0.01
-0.01
-0.01
-0.01
-0.01
-0.02
-0.02
-0.01
-0.01
-0.01
-0.01
-0.01
-0.01
-0.02
-0.02
-0.02
-0.01
-0.02
-0.02
-0.02
-0.02
-0.02
-0.02
-0.02
-0.02
-0.02
-0.02
-0.02
-0.02
-0.02
-0.01
-0.02
-0.02
-0.01
-0.02
-0.02
-0.02
-0.02
-0.02
-0.01
-0.01
-0.01
-0.01
-0.01
-0.01
-0.01
-0.01
-0.01
-0.01
-0.01
-0.01
-0.01
-0.01
-0.01
-0.01
-0.01
-0.01
-0.01
-0.01
-0.01
-0.01
-0.01
-0.01
-0.01
0.00
-0.02
-0.02
-0.02
-0.01
-0.02
-0.02
-0.02
-0.01
-0.01
-0.02
-0.01
-0.01
-0.02
-0.02
-0.01
-0.01
-0.01
-0.02
-0.01
-0.02
-0.02
-0.02
-0.02
-0.01
-0.02
-0.02
-0.01
-0.01
-0.02
-0.01
-0.01
-0.02
-0.01
-0.01
-0.02
-0.02
-0.02
-0.02
-0.01
-0.01
-0.01
-0.01
-0.01
-0.00
-0.01
-0.01
-0.01
-0.01
-0.02
-0.01
-0.01
-0.01
-0.01
-0.01
-0.01
-0.02
-0.01
-0.01
-0.02
-0.01
-0.01
-0.01
-0.02
-0.02
-0.02
-0.01
-0.02
-0.01
-0.02
-0.02
-0.01
-0.01
-0.02
-0.02
-0.01
-0.01
-0.02
-0.02
-0.02
-0.01
-0.01
-0.02
-0.02
-0.01
-0.01
-0.01
-0.02
-0.01
-0.02
-0.02
-0.01
-0.01
-0.01
-0.01
-0.01
-0.02
-0.02
-0.01
-0.01
-0.02
-0.01
-0.01
-0.01
-0.01
-0.02
-0.01
-0.01
-0.01
-0.02
-0.02
-0.01
-0.01
-0.01
-0.01
-0.01
-0.02
-0.02
-0.01
-0.01
-0.01
-0.02
-0.01
-0.01
-0.01
-0.01
-0.01
-0.01
-0.01
-0.01
-0.02
-0.02
-0.02
-0.01
-0.01
-0.01
-0.02
-0.01
-0.02
-0.01
-0.01
-0.02
-0.01
-0.01
-0.01
-0.01
-0.02
-0.02
-0.02
-0.02
-0.02
-0.01
-0.01
-0.02
-0.02
-0.01
-0.01
-0.01
-0.01
-0.01
-0.01
-0.01
-0.02
-0.01
-0.01
-0.01
-0.01
-0.01
-0.01
-0.01
-0.01
-0.01
-0.01
-0.01
-0.01
-0.01
-0.01
-0.01
-0.01
-0.01
-0.02
-0.01
-0.01
-0.01
-0.01
-0.01
-0.01
-0.01
-0.01
-0.01
-0.01
-0.02
-0.01
-0.01
-0.02
-0.01
-0.01
-0.01
-0.01
-0.01
-0.02
-0.02
-0.01
-0.01
-0.01
-0.02
-0.02
0.10
0.68
1.17
0.26
-0.29
-0.33
-0.60
-0.61
-0.37
-0.69
0.30
0.45
0.33
0.22
0.17
0.16
0.00
-0.02
-0.06
-0.26
-0.12
-0.10
-0.18
-0.15
-0.06
-0.11
0.00
-0.05
-0.01
-0.05
-0.02
-0.05
-0.08
-0.05
0.03
-0.01
-0.02
-0.04
-0.07
-0.09
-0.12
-0.13
-0.11
-0.09
-0.08
-0.03
0.06
0.09
0.08
0.07
0.05
0.03
0.03
-0.01
-0.05
-0.07
-0.10
-0.10
0.02
0.06
0.08
0.08
0.09
0.10
0.11
0.09
0.08
0.06
0.04
-0.00
-0.05
-0.04
-0.01
0.01
0.03
0.04
0.05
0.05
0.06
0.03
0.02
0.01
-0.04
-0.05
-0.05
-0.05
-0.04
-0.04
-0.03
-0.02
-0.01
-0.01
-0.02
-0.02
-0.02
-0.03
-0.03
-0.03
-0.03
-0.03
-0.04
-0.04
-0.06
-0.06
-0.06
-0.07
-0.01
-0.01
-0.01
-0.01
-0.01
-0.02
-0.02
-0.02
-0.02
-0.03
-0.04
-0.04
-0.04
-0.03
-0.01
-0.00
-0.00
-0.00
0.00
0.01
0.00
-0.00
-0.00
-0.01
-0.01
-0.01
-0.01
-0.00
0.00
0.01
0.02
0.02
0.02
0.02
0.02
0.01
0.02
0.01
0.02
0.01
0.00
-0.00
-0.00
-0.01
-0.02
-0.01
-0.01
-0.00
0.01
0.00
-0.01
-0.01
-0.01
-0.02
-0.02
-0.03
-0.02
-0.02
-0.03
-0.03
-0.02
-0.02
-0.02
-0.02
-0.02
-0.02
-0.02
-0.03
-0.03
-0.03
-0.03
-0.03
-0.03
-0.03
-0.03
-0.03
-0.03
-0.03
-0.02
-0.02
-0.02
-0.01
-0.02
-0.02
-0.02
-0.02
-0.02
-0.02
-0.03
-0.02
-0.02
-0.02
-0.02
-0.02
-0.01
-0.01
-0.00
0.16
0.65
0.71
-0.09
-0.31
-0.21
-0.39
-0.39
-0.42
-0.27
-0.19
0.33
0.29
0.22
0.25
0.03
-0.05
-0.05
-0.17
-0.08
-0.12
-0.13
-0.15
-0.02
0.01
-0.01
0.04
0.01
-0.01
-0.03
-0.04
-0.04
-0.04
-0.02
-0.01
-0.05
-0.07
-0.09
-0.13
-0.12
-0.12
-0.12
-0.10
-0.07
-0.07
-0.03
0.00
0.05
0.04
0.03
0.02
-0.01
-0.03
-0.06
-0.08
-0.09
-0.10
-0.10
-0.09
0.05
0.06
0.07
0.07
0.08
0.08
0.06
0.04
0.02
-0.00
-0.03
-0.04
0.01
0.04
0.06
0.07
0.08
0.08
0.06
0.06
0.05
0.03
0.02
0.01
-0.04
-0.04
-0.03
-0.03
-0.03
-0.03
-0.01
-0.01
-0.01
-0.00
-0.00
-0.00
-0.03
-0.03
-0.04
-0.05
-0.05
-0.06
-0.06
-0.07
-0.07
-0.06
-0.05
-0.04
-0.02
-0.02
-0.02
-0.03
-0.03
-0.04
-0.05
-0.05
-0.05
-0.06
-0.06
-0.06
-0.01
-0.01
-0.01
-0.00
-0.01
-0.00
-0.00
-0.01
-0.02
-0.01
-0.02
-0.03
-0.02
-0.02
-0.01
-0.00
0.01
0.01
0.01
0.02
0.02
0.02
0.02
0.01
0.01
0.01
0.00
-0.00
-0.00
0.00
0.00
0.00
0.01
0.02
0.02
0.03
0.01
0.01
0.00
-0.01
-0.02
-0.02
-0.02
-0.02
-0.02
-0.03
-0.02
-0.01
-0.01
-0.01
-0.01
-0.01
-0.02
-0.03
-0.03
-0.03
-0.03
-0.03
-0.03
-0.03
-0.03
-0.03
-0.03
-0.03
-0.02
-0.02
-0.02
-0.02
-0.02
-0.03
-0.03
-0.03
-0.03
-0.03
-0.03
-0.03
-0.03
-0.02
-0.02
-0.02
-0.01
0.33
0.88
0.74
-0.48
-0.46
-0.48
-0.15
-0.02
0.23
0.27
0.47
0.43
0.27
0.22
0.13
-0.16
-0.09
-0.19
-0.15
-0.14
-0.15
-0.13
-0.09
-0.02
-0.02
0.00
0.02
-0.02
-0.04
0.01
0.01
-0.00
0.02
0.03
0.00
-0.03
-0.06
-0.09
-0.13
-0.10
-0.07
-0.03
0.01
0.02
0.04
0.06
0.07
0.07
0.09
0.06
0.05
-0.11
-0.12
-0.13
-0.11
-0.07
-0.04
-0.02
0.02
0.04
0.05
0.07
0.09
0.02
-0.01
-0.05
-0.06
-0.08
-0.08
-0.08
-0.05
-0.02
0.01
0.02
0.04
0.04
0.04
0.02
0.02
-0.00
-0.01
-0.02
-0.03
-0.04
-0.06
-0.05
-0.04
-0.01
0.01
0.00
0.01
0.01
0.01
0.01
-0.01
-0.01
-0.02
-0.02
-0.03
-0.05
-0.05
-0.05
-0.04
-0.03
-0.02
-0.01
0.00
0.00
0.00
0.00
-0.01
-0.04
-0.05
-0.06
-0.06
-0.05
-0.05
-0.04
-0.04
-0.03
-0.01
-0.01
-0.00
-0.01
-0.01
-0.02
-0.02
-0.03
-0.03
-0.03
-0.04
-0.04
-0.03
-0.02
-0.02
0.01
0.00
0.00
0.00
0.00
0.01
0.00
-0.00
-0.00
-0.00
-0.01
-0.02
-0.01
-0.01
-0.00
0.01
0.01
0.01
0.02
0.02
0.02
0.01
0.00
-0.00
-0.03
-0.03
-0.02
-0.02
-0.02
-0.01
-0.01
-0.01
-0.01
-0.00
-0.00
-0.00
-0.02
-0.02
-0.02
-0.02
-0.03
-0.02
-0.03
-0.03
-0.02
-0.02
-0.03
-0.02
-0.01
-0.01
-0.02
-0.02
-0.02
-0.03
-0.02
-0.03
-0.03
-0.02
-0.03
-0.02
-0.02
-0.02
-0.01
-0.01
-0.02
-0.01
-0.01
-0.01
-0.02
-0.02
-0.02
-0.02
-0.02
-0.02
-0.01
-0.01
-0.01
-0.01
-0.01
-0.01
-0.00
-0.00
-0.00
-0.01
-0.01
-0.01
-0.01
-0.01
-0.01
-0.00
-0.01
-0.01
-0.01
-0.01
-0.01
-0.01
-0.01
-0.01
-0.02
-0.02
-0.02
-0.01
-0.01
-0.01
-0.01
-0.01
-0.01
-0.01
-0.02
-0.02
-0.01
-0.02
-0.02
-0.02
-0.02
-0.02
-0.02
-0.02
-0.02
-0.02
-0.01
-0.02
-0.02
-0.02
-0.02
-0.01
-0.01
-0.02
-0.02
-0.01
-0.02
-0.02
-0.02
-0.02
-0.02
-0.01
-0.01
-0.01
-0.01
-0.01
-0.01
-0.01
-0.01
-0.01
-0.02
-0.02
-0.01
-0.01
-0.01
-0.00
-0.01
-0.01
-0.01
-0.01
-0.01
-0.01
-0.01
-0.01
-0.01
-0.01
-0.01
-0.01
-0.02
-0.01
-0.01
-0.01
-0.01
-0.01
-0.01
-0.01
-0.01
-0.01
-0.01
-0.02
-0.02
-0.02
-0.02
-0.02
-0.02
-0.02
-0.02
-0.02
-0.01
-0.02
-0.02
-0.01
-0.01
-0.01
-0.02
-0.02
-0.02
-0.02
-0.02
-0.02
-0.02
-0.02
-0.02
-0.01
-0.01
-0.02
-0.01
-0.01
-0.02
-0.02
-0.02
-0.01
-0.01
-0.01
-0.01
-0.01
-0.01
-0.01
-0.01
-0.02
-0.01
-0.02
-0.01
-0.01
-0.01
-0.01
-0.01
-0.01
-0.01
-0.01
-0.01
-0.01
-0.01
-0.01
-0.01
-0.01
-0.01
-0.01
-0.01
-0.01
-0.01
-0.01
-0.01
-0.02
-0.02
-0.01
-0.01
-0.01
-0.01
-0.01
-0.01
-0.01
-0.01
-0.01
-0.01
-0.01
-0.01
-0.02
-0.02
-0.02
-0.01
-0.02
-0.01
-0.01
-0.02
-0.02
-0.02
-0.02
-0.02
-0.01
-0.01
-0.01
-0.02
-0.01
-0.02
-0.01
-0.01
-0.01
-0.01
-0.01
-0.02
-0.01
-0.02
-0.02
-0.02
-0.02
-0.01
-0.01
-0.01
-0.01
-0.02
-0.01
-0.02
-0.02
-0.01
-0.01
0.00
0.20
0.09
0.37
2.42
0.87
-0.13
-0.48
-0.36
-0.95
-0.32
-0.22
-0.35
-0.14
-0.08
0.28
0.34
0.24
0.38
0.37
0.38
0.27
-0.14
-0.34
-0.39
-0.41
-0.47
-0.41
-0.40
-0.37
-0.26
-0.19
-0.13
-0.10
0.02
0.07
0.10
0.11
0.09
0.09
0.05
0.01
-0.04
-0.09
-0.10
-0.13
-0.13
-0.10
-0.04
-0.00
0.06
0.12
0.15
0.21
0.26
0.29
0.28
0.28
-0.04
-0.09
-0.14
-0.16
-0.14
-0.14
-0.09
-0.00
-0.00
0.08
0.14
0.20
0.16
0.11
0.04
-0.01
-0.04
-0.09
-0.14
-0.18
-0.20
-0.19
-0.18
-0.14
0.08
0.08
0.09
0.07
0.02
-0.01
-0.04
-0.06
-0.10
-0.12
-0.15
-0.16
-0.12
-0.11
-0.08
-0.05
-0.02
-0.01
0.01
0.01
0.02
0.00
-0.01
-0.03
-0.08
-0.08
-0.08
-0.08
-0.08
-0.06
-0.04
-0.02
-0.00
0.01
0.03
0.05
0.04
0.03
0.01
0.00
-0.00
-0.00
-0.01
-0.02
-0.02
-0.01
0.00
0.01
0.09
0.10
0.09
0.09
0.08
0.06
0.05
0.03
0.00
-0.02
-0.03
-0.04
-0.02
-0.01
0.00
0.01
0.03
0.02
0.01
0.01
0.00
-0.01
-0.03
-0.04
-0.08
-0.08
-0.07
-0.07
-0.05
-0.05
-0.04
-0.03
-0.02
-0.01
-0.01
-0.02
-0.07
-0.07
-0.08
-0.08
-0.08
-0.07
-0.07
-0.06
-0.06
-0.05
-0.04
-0.03
-0.01
-0.01
-0.01
-0.01
-0.02
-0.03
-0.03
-0.03
-0.03
-0.04
-0.04
-0.03
0.00
0.01
0.01
0.02
0.03
0.03
0.04
0.03
0.03
0.02
0.01
0.01
0.01
0.01
0.02
0.03
0.03
0.03
0.03
0.03
0.03
0.02
0.02
0.01
-0.02
-0.03
-0.03
-0.03
-0.03
-0.03
-0.02
-0.02
-0.01
-0.01
-0.01
-0.00
-0.02
-0.03
-0.04
-0.04
-0.05
-0.05
-0.05
-0.04
-0.05
-0.04
-0.04
-0.04
-0.03
-0.03
-0.03
-0.03
-0.04
-0.04
-0.04
-0.04
-0.04
-0.04
-0.05
-0.04
-0.02
-0.02
-0.01
-0.02
-0.02
-0.02
-0.02
-0.02
-0.02
-0.02
-0.03
-0.03
-0.02
-0.02
-0.02
-0.02
-0.01
-0.00
0.00
0.00
0.00
0.00
0.00
0.01
0.01
0.01
0.01
0.00
-0.00
0.00
0.01
0.01
0.02
0.02
0.01
0.02
0.01
0.00
0.00
-0.00
-0.00
-0.01
-0.01
-0.01
-0.01
-0.01
-0.02
-0.02
-0.01
-0.01
-0.01
-0.02
-0.03
-0.03
-0.02
-0.03
-0.04
-0.04
-0.03
-0.03
-0.03
-0.03
-0.03
-0.02
-0.02
-0.02
-0.03
-0.03
-0.03
-0.03
-0.03
-0.03
-0.03
-0.03
-0.03
-0.04
-0.03
-0.02
-0.03
-0.02
-0.02
-0.02
-0.02
-0.02
-0.02
-0.03
-0.02
-0.02
-0.02
-0.02
-0.02
-0.01
-0.01
-0.02
-0.02
-0.01
-0.00
-0.00
-0.01
0.00
-0.00
-0.01
-0.00
-0.00
-0.00
0.00
0.00
0.00
-0.00
-0.00
0.01
0.46
2.60
1.44
0.09
-0.96
-1.18
-1.22
-1.28
-1.06
0.42
0.58
0.91
0.99
0.74
0.59
0.56
0.21
-0.03
0.01
-0.31
-0.31
-0.62
-0.52
-0.33
-0.21
-0.15
-0.01
0.11
0.10
0.19
0.21
0.15
0.10
-0.05
-0.02
-0.00
0.01
0.01
-0.00
-0.02
-0.11
-0.08
-0.13
-0.15
-0.18
-0.09
0.02
0.10
0.19
0.26
0.28
0.31
0.31
0.32
0.28
0.18
0.14
-0.23
-0.25
-0.24
-0.18
-0.10
-0.02
0.08
0.19
0.30
0.28
0.32
0.29
0.01
-0.05
-0.11
-0.16
-0.19
-0.22
-0.23
-0.18
-0.13
-0.08
-0.03
0.06
0.08
0.05
0.01
-0.04
-0.06
-0.08
-0.11
-0.13
-0.14
-0.13
-0.13
-0.13
-0.05
-0.03
-0.02
-0.00
0.00
0.00
0.01
0.00
-0.01
-0.03
-0.05
-0.07
-0.09
-0.08
-0.08
-0.06
-0.03
0.00
0.02
0.03
0.04
0.04
0.05
0.05
-0.02
-0.04
-0.05
-0.06
-0.05
-0.05
-0.05
-0.02
0.00
0.02
0.04
0.06
0.08
0.07
0.06
0.04
0.03
0.02
-0.00
-0.01
-0.02
-0.01
-0.01
-0.01
0.03
0.03
0.04
0.04
0.02
0.01
-0.00
-0.01
-0.02
-0.04
-0.05
-0.05
-0.05
-0.04
-0.03
-0.03
-0.02
-0.01
-0.01
-0.01
-0.01
-0.01
-0.02
-0.03
-0.05
-0.06
-0.06
-0.06
-0.06
-0.05
-0.06
-0.05
-0.04
-0.03
-0.03
-0.02
-0.03
-0.02
-0.03
-0.04
-0.04
-0.04
-0.05
-0.05
-0.05
-0.04
-0.04
-0.03
-0.00
-0.00
0.00
-0.00
-0.01
-0.01
-0.01
-0.01
-0.02
-0.02
-0.02
-0.01
0.02
0.02
0.02
0.02
0.03
0.03
0.03
0.02
0.03
0.02
0.02
0.01
-0.00
-0.00
0.00
0.00
0.00
0.01
0.01
0.01
0.01
0.00
-0.00
-0.00
-0.02
-0.02
-0.03
-0.02
-0.02
-0.02
-0.02
-0.03
-0.02
-0.02
-0.01
-0.02
-0.02
-0.03
-0.03
-0.02
-0.03
-0.03
-0.03
-0.03
-0.04
-0.03
-0.03
-0.03
-0.03
-0.02
-0.02
-0.02
-0.02
-0.03
-0.02
-0.02
-0.03
-0.02
-0.03
-0.03
-0.03
-0.02
-0.02
-0.01
-0.01
-0.02
-0.02
-0.01
-0.01
-0.01
-0.01
-0.02
-0.01
-0.01
-0.00
-0.00
-0.00
-0.01
-0.01
-0.01
-0.00
0.00
0.01
0.00
-0.00
-0.00
0.00
0.00
0.00
0.00
0.00
0.00
0.00
-0.01
-0.01
-0.01
-0.01
-0.00
-0.00
-0.02
-0.01
-0.02
-0.01
-0.02
-0.02
-0.02
-0.02
-0.02
-0.02
-0.02
-0.02
-0.02
-0.02
-0.02
-0.02
-0.02
-0.03
-0.02
-0.02
-0.03
-0.02
-0.03
-0.03
-0.02
-0.02
-0.02
-0.03
-0.03
-0.03
-0.03
-0.03
-0.03
-0.02
-0.02
-0.02
-0.02
-0.02
-0.02
-0.02
-0.02
-0.02
-0.02
-0.02
-0.02
-0.01
-0.01
-0.00
-0.00
-0.01
-0.02
-0.01
-0.01
-0.01
-0.01
-0.01
-0.00
-0.00
-0.00
-0.01
-0.00
-0.00
-0.00
0.00
0.08
1.48
2.81
0.19
-0.41
-0.64
-0.63
-0.28
0.27
0.29
0.43
0.63
0.78
0.70
0.51
0.34
0.22
-0.29
-0.34
-0.46
-0.43
-0.40
-0.36
-0.28
-0.18
-0.09
-0.06
0.01
0.07
-0.05
-0.09
-0.09
-0.12
-0.11
-0.10
0.02
-0.09
0.01
-0.04
-0.03
-0.05
-0.15
-0.17
-0.13
-0.12
-0.10
-0.06
0.00
0.06
0.13
0.14
0.24
0.25
-0.05
-0.09
-0.14
-0.15
-0.15
-0.13
-0.10
-0.03
0.04
0.10
0.15
0.20
0.16
0.11
0.06
0.03
-0.02
-0.06
-0.09
-0.10
-0.09
-0.10
-0.08
-0.05
0.09
0.09
0.07
0.03
0.00
-0.02
-0.05
-0.07
-0.08
-0.07
-0.07
-0.08
-0.06
-0.06
-0.06
-0.06
-0.06
-0.06
-0.05
-0.04
-0.03
-0.03
-0.03
-0.03
-0.09
-0.09
-0.10
-0.11
-0.10
-0.10
-0.08
-0.06
-0.04
-0.01
0.00
0.02
0.00
-0.02
-0.03
-0.05
-0.06
-0.06
-0.06
-0.05
-0.04
-0.03
-0.03
-0.01
0.05
0.06
0.06
0.04
0.04
0.04
0.04
0.02
0.00
0.00
0.01
0.00
0.03
0.04
0.05
0.05
0.05
0.05
0.05
0.05
0.03
0.01
-0.00
-0.00
-0.04
-0.04
-0.04
-0.03
-0.03
-0.02
-0.01
-0.01
-0.00
0.01
0.01
0.00
-0.05
-0.05
-0.06
-0.06
-0.06
-0.05
-0.05
-0.05
-0.04
-0.03
-0.03
-0.03
-0.04
-0.04
-0.04
-0.05
-0.05
-0.05
-0.05
-0.05
-0.05
-0.05
-0.05
-0.04
-0.01
-0.01
-0.01
-0.01
-0.01
-0.01
-0.02
-0.02
-0.01
-0.02
-0.02
-0.01
-0.02
-0.01
-0.01
0.00
0.01
0.01
0.02
0.03
0.02
0.02
0.02
0.02
0.01
0.01
0.01
0.01
0.01
0.01
0.01
0.02
0.02
0.03
0.02
0.02
-0.01
-0.01
-0.02
-0.02
-0.02
-0.02
-0.02
-0.03
-0.02
-0.01
-0.01
-0.02
-0.02
-0.03
-0.03
-0.02
-0.03
-0.03
-0.04
-0.04
-0.04
-0.04
-0.03
-0.03
-0.03
-0.03
-0.03
-0.02
-0.03
-0.03
-0.03
-0.03
-0.03
-0.03
-0.04
-0.04
-0.04
-0.03
-0.03
-0.03
-0.03
-0.02
-0.02
-0.02
-0.02
-0.02
-0.02
-0.02
-0.02
-0.03
-0.02
-0.02
-0.02
-0.01
-0.01
-0.00
-0.01
-0.01
-0.00
-0.00
0.00
0.00
0.00
-0.00
0.00
0.00
0.00
0.00
0.00
0.00
0.00
0.01
0.01
0.01
-0.00
0.01
0.01
0.01
0.00
-0.00
-0.00
-0.01
-0.01
-0.00
-0.01
-0.01
0.26
1.04
0.60
0.01
-0.32
-0.48
-0.60
-0.21
-0.51
-0.47
0.32
0.52
0.30
0.25
0.29
0.04
-0.03
-0.03
0.00
-0.17
-0.22
-0.17
-0.17
-0.17
-0.12
-0.09
-0.07
-0.02
-0.01
0.00
0.01
-0.03
-0.05
-0.05
-0.06
-0.05
-0.04
-0.06
-0.07
-0.07
-0.08
-0.08
-0.09
-0.08
-0.07
-0.06
0.05
0.08
0.09
0.10
0.10
0.08
0.02
0.00
-0.01
-0.08
-0.06
-0.12
-0.03
0.05
0.08
0.07
0.12
0.13
0.14
0.14
0.10
0.07
0.03
0.00
-0.05
-0.03
-0.00
-0.00
0.02
0.04
0.06
0.07
0.07
0.07
0.06
0.04
-0.05
-0.06
-0.07
-0.07
-0.05
-0.04
-0.04
-0.03
-0.01
0.01
0.01
0.00
-0.04
-0.04
-0.04
-0.04
-0.04
-0.04
-0.03
-0.04
-0.04
-0.05
-0.05
-0.05
-0.04
-0.03
-0.03
-0.02
-0.01
-0.01
-0.01
-0.02
-0.02
-0.03
-0.04
-0.05
-0.04
-0.04
-0.04
-0.03
-0.02
-0.01
-0.00
0.00
0.01
0.01
-0.00
-0.01
-0.03
-0.03
-0.03
-0.03
-0.02
-0.00
-0.00
0.01
0.01
0.01
0.02
0.02
0.02
0.01
0.01
-0.01
-0.00
0.00
0.00
0.00
0.01
0.01
0.01
0.01
0.00
0.01
-0.00
-0.00
-0.01
-0.02
-0.02
-0.02
-0.02
-0.03
-0.03
-0.03
-0.01
-0.01
-0.02
-0.02
-0.01
-0.02
-0.02
-0.02
-0.03
-0.03
-0.03
-0.04
-0.03
-0.03
-0.04
-0.03
-0.03
-0.03
-0.02
-0.03
-0.02
-0.02
-0.02
-0.03
-0.04
-0.03
-0.03
-0.03
-0.03
-0.03
-0.03
-0.03
-0.02
-0.02
-0.02
-0.02
-0.02
-0.02
-0.02
-0.02
-0.02
-0.02
-0.02
-0.01
-0.01
-0.01
-0.01
-0.01
-0.01
-0.00
0.00
0.00
-0.00
0.00
0.00
0.00
0.00
0.00
0.00
-0.00
-0.00
0.01
0.01
0.01
0.01
0.01
0.01
0.01
0.01
0.00
-0.00
-0.01
-0.02
-0.01
-0.01
-0.01
-0.01
-0.01
-0.01
-0.01
-0.02
-0.01
-0.01
-0.02
-0.03
-0.03
-0.03
-0.02
-0.02
-0.02
-0.02
-0.02
-0.02
-0.02
-0.02
-0.02
-0.02
-0.03
-0.03
-0.03
-0.03
-0.03
-0.03
-0.03
-0.02
-0.02
-0.02
-0.02
-0.02
-0.02
-0.02
-0.01
-0.01
-0.01
-0.02
-0.02
-0.02
-0.03
-0.03
-0.04
-0.01
-0.00
-0.00
-0.00
-0.01
-0.01
-0.02
-0.02
-0.03
-0.02
-0.03
-0.02
-0.00
-0.00
-0.00
-0.00
-0.01
-0.01
-0.01
-0.01
-0.01
-0.01
-0.01
-0.01
-0.00
0.00
-0.00
-0.00
-0.01
-0.01
-0.01
-0.02
-0.02
-0.02
-0.01
-0.01
-0.00
-0.01
-0.01
-0.01
-0.01
-0.01
-0.01
-0.01
-0.01
-0.01
-0.02
-0.02
-0.01
-0.01
-0.01
-0.02
-0.01
-0.01
-0.01
-0.02
-0.02
-0.03
-0.02
-0.02
-0.02
-0.02
-0.02
-0.02
-0.02
-0.02
-0.02
-0.02
-0.01
-0.02
-0.02
-0.02
-0.03
-0.02
-0.01
-0.01
-0.01
-0.01
-0.01
-0.02
-0.02
-0.02
-0.02
-0.02
-0.02
-0.02
-0.02
-0.02
-0.02
-0.01
-0.01
-0.01
-0.02
-0.02
-0.01
-0.01
-0.02
-0.02
-0.01
-0.01
-0.01
-0.02
-0.02
-0.01
-0.02
-0.02
-0.01
-0.01
-0.02
-0.01
-0.01
-0.02
-0.02
-0.02
-0.02
-0.01
-0.01
-0.02
-0.02
-0.01
-0.02
-0.02
-0.02
-0.02
-0.02
-0.01
-0.01
-0.01
-0.01
-0.02
-0.02
-0.02
-0.01
-0.01
-0.02
-0.01
-0.01
-0.01
-0.01
-0.02
-0.02
-0.02
-0.02
-0.02
-0.01
-0.02
-0.02
-0.01
-0.01
-0.01
-0.01
-0.01
-0.01
-0.01
-0.01
-0.02
-0.01
-0.01
-0.01
-0.01
-0.02
-0.02
-0.01
-0.00
-0.01
-0.01
-0.01
-0.01
-0.01
-0.01
-0.01
-0.01
-0.01
-0.01
-0.01
-0.01
-0.02
-0.01
-0.01
-0.02
-0.01
-0.01
-0.01
-0.01
-0.01
-0.01
-0.01
-0.01
-0.01
-0.01
-0.02
-0.02
-0.02
-0.01
-0.01
-0.02
-0.02
-0.02
-0.02
-0.02
-0.02
-0.02
-0.02
-0.02
-0.01
-0.01
-0.02
-0.02
-0.01
-0.02
-0.02
-0.02
-0.02
-0.01
-0.02
-0.02
-0.02
-0.02
-0.02
-0.02
-0.01
-0.01
-0.02
-0.01
-0.02
-0.02
-0.01
-0.01
-0.01
-0.01
-0.02
-0.02
-0.02
-0.02
-0.01
-0.01
-0.01
-0.01
-0.01
-0.01
-0.01
-0.01
-0.01
-0.02
-0.01
-0.03
-0.36
-0.14
0.94
-0.09
-1.01
0.49
0.45
0.02
-0.71
-0.31
0.07
0.11
-0.14
0.15
0.31
0.10
0.08
0.36
0.07
-0.29
-0.54
-0.08
0.24
0.06
-0.06
0.06
0.22
0.28
0.12
-0.10
-0.21
-0.21
-0.06
0.01
-0.06
-0.05
0.05
0.12
0.13
0.07
0.00
0.04
-0.06
-0.08
-0.08
-0.03
0.00
-0.00
-0.00
0.03
0.08
0.08
-0.01
0.05
-0.06
-0.13
-0.14
-0.12
-0.10
-0.03
0.05
0.02
0.10
0.20
0.15
0.04
-0.17
-0.18
-0.14
-0.09
-0.06
0.02
0.10
0.15
0.10
0.13
0.10
0.02
-0.15
-0.13
-0.08
0.01
0.06
0.11
0.13
0.13
0.07
0.03
0.00
-0.08
-0.14
-0.10
-0.00
0.02
0.08
0.10
0.10
0.08
0.05
0.00
-0.06
-0.07
-0.04
-0.02
0.00
0.07
0.06
0.06
0.03
0.01
0.02
-0.00
-0.06
-0.08
-0.00
0.02
0.03
0.04
0.01
0.01
0.01
-0.02
-0.04
-0.04
-0.04
-0.05
0.02
0.02
0.02
0.03
0.00
-0.02
-0.02
-0.04
-0.04
-0.07
-0.05
-0.04
0.02
0.03
0.03
0.01
0.00
0.00
-0.03
-0.05
-0.04
-0.06
-0.06
-0.05
0.03
0.03
0.02
0.01
0.00
-0.02
-0.05
-0.06
-0.05
-0.05
-0.05
-0.03
0.01
0.01
0.00
-0.02
-0.05
-0.05
-0.05
-0.06
-0.05
-0.03
-0.01
0.00
0.01
0.00
-0.03
-0.04
-0.04
-0.05
-0.06
-0.05
-0.03
-0.03
-0.00
0.02
-0.02
-0.03
-0.03
-0.05
-0.05
-0.04
-0.03
-0.02
-0.00
0.01
0.01
0.02
-0.03
-0.04
-0.05
-0.05
-0.03
-0.02
-0.02
-0.01
0.01
0.01
0.01
0.01
-0.04
-0.08
-0.55
-0.09
1.23
-0.24
-0.83
0.43
0.90
0.15
-0.78
-0.18
0.10
0.03
-0.03
0.40
0.40
0.40
0.16
0.21
0.29
0.26
-0.38
-0.42
-0.05
0.30
0.14
0.03
0.17
0.29
0.25
0.13
-0.13
-0.23
0.05
-0.08
-0.02
-0.02
0.14
0.16
0.11
0.07
0.01
0.07
-0.02
-0.17
-0.12
-0.09
0.02
-0.02
-0.00
0.05
0.13
0.08
-0.02
0.05
0.12
0.02
-0.13
-0.09
-0.13
-0.00
0.07
0.07
0.16
0.27
0.20
0.07
0.04
0.01
-0.11
-0.22
-0.02
0.07
0.16
0.16
0.19
0.20
0.15
0.13
0.01
-0.08
-0.14
-0.20
0.06
0.10
0.14
0.21
0.18
0.10
0.02
-0.04
-0.13
-0.20
-0.21
-0.19
0.11
0.16
0.15
0.10
0.05
-0.01
-0.08
-0.10
-0.12
-0.16
-0.14
-0.08
0.10
0.08
0.05
-0.00
-0.01
-0.03
-0.07
-0.11
-0.08
-0.05
-0.05
-0.04
0.01
0.02
0.00
-0.04
-0.08
-0.07
-0.07
-0.07
-0.03
-0.01
-0.00
0.05
0.00
-0.03
-0.03
-0.03
-0.06
-0.09
-0.07
-0.05
-0.04
-0.04
0.00
0.04
0.02
-0.00
-0.04
-0.06
-0.06
-0.07
-0.08
-0.05
-0.03
-0.01
0.02
0.04
-0.01
-0.02
-0.06
-0.08
-0.06
-0.05
-0.05
-0.03
0.02
0.05
0.04
0.05
-0.06
-0.06
-0.06
-0.08
-0.06
-0.03
-0.01
0.03
0.04
0.04
0.03
0.03
-0.08
-0.08
-0.08
-0.05
-0.02
-0.02
0.01
0.04
0.03
0.03
0.03
0.01
-0.07
-0.05
-0.04
-0.02
-0.00
0.02
0.03
0.04
0.02
0.01
-0.01
-0.03
-0.04
-0.02
-0.02
0.00
0.03
0.03
0.03
0.02
0.01
-0.01
-0.02
-0.05
-0.03
-0.01
0.01
0.02
0.02
0.03
0.02
0.01
-0.00
-0.02
-0.04
-0.05
0.67
-0.42
-0.41
0.41
0.99
-0.40
-0.57
-0.04
0.10
-0.45
-0.63
-0.10
0.29
0.10
0.23
0.24
-0.05
-0.48
-0.38
-0.10
-0.16
-0.42
-0.31
0.11
0.20
0.19
0.03
-0.20
-0.14
-0.06
-0.19
-0.27
-0.19
0.01
0.06
0.01
0.02
-0.00
0.01
-0.11
-0.16
-0.15
-0.06
-0.08
-0.09
-0.00
0.04
0.01
0.05
0.01
0.07
0.07
-0.04
-0.11
-0.11
-0.14
-0.19
-0.19
-0.16
-0.07
0.25
0.13
0.05
0.00
0.00
-0.09
-0.18
-0.24
-0.25
-0.21
-0.13
-0.05
0.18
0.13
0.07
-0.05
-0.12
-0.20
-0.24
-0.20
-0.15
-0.08
0.03
0.09
0.04
-0.03
-0.12
-0.17
-0.22
-0.21
-0.16
-0.10
0.00
0.07
0.12
0.15
-0.08
-0.12
-0.13
-0.15
-0.15
-0.10
-0.03
-0.01
0.02
0.07
0.10
0.09
-0.06
-0.09
-0.10
-0.07
-0.04
-0.02
0.01
0.04
0.07
0.07
0.04
0.01
-0.08
-0.07
-0.03
-0.01
0.01
0.04
0.04
0.06
0.05
0.04
0.02
0.00
-0.08
-0.05
-0.03
-0.03
-0.00
0.03
0.04
0.04
0.04
0.03
0.01
-0.00
-0.07
-0.06
-0.03
-0.01
0.01
0.04
0.05
0.04
0.04
0.02
-0.01
-0.04
-0.05
-0.03
0.00
0.04
0.05
0.06
0.03
0.02
0.00
-0.03
-0.06
-0.08
-0.03
-0.02
0.02
0.04
0.05
0.03
0.02
0.01
-0.02
-0.05
-0.06
-0.06
0.00
0.03
0.04
0.03
0.03
0.01
-0.01
-0.03
-0.04
-0.06
-0.07
-0.06
0.03
0.04
0.03
0.02
0.00
-0.01
-0.03
-0.05
-0.06
-0.06
-0.05
-0.02
0.03
0.02
0.01
-0.01
-0.02
-0.03
-0.05
-0.06
-0.05
-0.04
-0.04
-0.03
0.03
0.02
0.01
-0.00
-0.02
-0.04
-0.05
-0.05
-0.05
-0.04
-0.02
-0.01
0.01
0.00
-0.02
-0.03
-0.04
-0.07
-0.16
-0.29
-0.27
0.98
0.32
-0.82
-0.49
0.24
-0.07
-0.68
-0.40
0.13
0.09
0.06
0.45
0.40
0.20
0.02
-0.26
0.00
-0.25
-0.48
-0.11
0.27
0.27
0.11
0.12
0.17
0.25
0.10
-0.31
-0.24
-0.05
0.07
0.04
0.04
-0.01
0.11
0.13
0.10
0.09
-0.02
-0.11
-0.05
-0.08
-0.08
0.02
0.03
-0.01
0.02
0.03
0.08
0.12
0.02
-0.13
-0.11
-0.19
-0.19
-0.16
-0.13
-0.02
0.12
0.13
0.17
0.24
0.21
-0.22
-0.23
-0.21
-0.17
-0.07
0.01
0.07
0.16
0.20
0.16
0.13
0.09
-0.22
-0.14
-0.10
-0.01
0.08
0.13
0.16
0.17
0.15
0.06
-0.02
-0.08
-0.12
-0.05
0.06
0.11
0.12
0.14
0.13
0.07
0.02
-0.03
-0.10
-0.13
-0.05
0.01
0.00
0.06
0.08
0.09
0.06
0.03
-0.02
-0.03
-0.04
-0.08
0.00
0.03
0.05
0.07
0.05
0.02
-0.03
-0.02
-0.04
-0.08
-0.08
-0.06
0.04
0.05
0.04
0.02
0.01
-0.01
-0.04
-0.05
-0.06
-0.08
-0.07
-0.03
0.04
0.04
0.04
0.01
-0.01
-0.02
-0.05
-0.08
-0.07
-0.07
-0.07
-0.04
0.04
0.05
0.04
0.02
0.00
-0.02
-0.05
-0.07
-0.09
-0.08
-0.05
-0.03
0.04
0.02
0.01
-0.01
-0.05
-0.07
-0.08
-0.08
-0.07
-0.05
-0.02
-0.00
0.02
-0.00
-0.04
-0.06
-0.06
-0.07
-0.07
-0.06
-0.02
-0.00
0.01
0.04
-0.03
-0.04
-0.04
-0.07
-0.06
-0.04
-0.03
-0.01
0.01
0.02
0.03
0.04
