-0.01
-0.01
-0.01
-0.01
-0.01
-0.01
-0.01
-0.01
-0.01
-0.01
-0.00
-0.01
-0.01
-0.01
-0.01
-0.01
-0.01
-0.00
-0.00
-0.01
-0.01
-0.01
-0.01
-0.01
-0.01
-0.01
-0.01
-0.01
-0.01
-0.01
-0.01
-0.00
-0.01
-0.00
-0.01
-0.01
-0.01
-0.01
-0.01
-0.01
-0.01
-0.01
-0.01
-0.01
-0.01
-0.01
-0.01
-0.01
-0.01
-0.00
-0.01
-0.01
-0.01
-0.01
-0.01
-0.01
-0.01
-0.01
-0.01
-0.01
-0.01
-0.01
-0.01
-0.01
-0.01
-0.01
-0.01
-0.01
-0.01
-0.01
-0.01
-0.01
-0.01
-0.01
-0.01
-0.01
-0.01
-0.01
-0.01
-0.01
-0.01
-0.01
-0.01
-0.01
-0.01
-0.01
-0.01
-0.01
-0.01
-0.01
-0.01
-0.01
-0.01
-0.01
-0.01
-0.01
-0.00
-0.00
-0.01
-0.01
-0.01
-0.01
-0.01
-0.01
-0.01
-0.01
0.00
-0.00
-0.01
-0.01
-0.01
-0.01
-0.00
-0.01
-0.01
-0.00
-0.00
-0.01
-0.01
-0.01
-0.01
-0.01
-0.01
-0.02
-0.01
-0.01
-0.01
-0.01
-0.01
-0.01
-0.01
-0.01
-0.00
-0.01
-0.01
-0.01
-0.01
-0.01
-0.00
-0.01
-0.01
-0.01
-0.00
-0.01
-0.01
-0.00
-0.00
-0.01
-0.01
-0.01
-0.01
-0.01
-0.01
-0.01
-0.01
-0.01
-0.01
-0.02
-0.01
-0.02
-0.01
-0.02
-0.02
-0.01
-0.01
-0.01
-0.01
-0.00
-0.01
-0.01
-0.01
-0.00
-0.01
-0.01
-0.00
-0.00
-0.01
-0.00
-0.01
-0.01
-0.01
-0.01
-0.00
-0.00
-0.00
-0.00
-0.01
-0.01
-0.01
-0.02
-0.01
-0.01
-0.01
-0.01
-0.01
-0.01
-0.01
-0.01
-0.01
-0.01
-0.01
-0.01
-0.01
-0.01
0.00
-0.02
-0.01
-0.02
-0.00
0.01
-0.00
-0.01
-0.00
-0.01
-0.00
-0.01
-0.03
0.01
-0.01
-0.01
-0.01
-0.02
0.01
-0.01
-0.00
-0.02
0.01
-0.01
-0.01
-0.01
-0.00
-0.01
-0.00
0.00
-0.01
-0.00
-0.01
-0.00
-0.00
-0.01
-0.01
-0.01
-0.02
-0.02
-0.01
-0.02
-0.02
-0.01
-0.02
-0.02
-0.01
-0.01
-0.00
-0.02
-0.02
-0.02
-0.01
0.00
-0.02
-0.02
-0.01
0.03
-0.07
-0.02
-0.01
-0.01
0.04
-0.03
-0.02
-0.01
-0.05
0.01
-0.01
0.00
0.02
-0.04
0.00
-0.01
0.01
-0.01
-0.01
0.00
-0.03
-0.01
-0.00
-0.02
0.00
-0.01
-0.00
-0.01
-0.04
-0.09
0.43
-0.02
-0.20
-0.15
-0.59
0.08
-0.63
-0.74
0.49
0.52
0.52
1.21
-0.32
-1.90
0.69
-0.66
0.13
0.08
-0.85
-0.93
-0.30
0.23
-0.63
0.31
0.20
0.75
-0.97
0.39
0.12
1.60
0.46
-0.69
2.13
1.74
-1.19
-0.09
0.86
-0.60
-0.01
0.71
0.58
-1.09
0.58
-0.82
-0.22
0.35
0.33
-1.58
0.92
-2.02
1.25
-0.77
0.11
0.28
-0.58
0.37
-1.59
2.25
-0.77
0.67
-0.64
-0.18
0.28
0.48
-0.82
0.11
0.52
-0.18
1.45
-1.59
0.91
1.13
-0.86
-0.70
1.14
1.14
-0.44
-0.29
-0.04
0.54
-1.50
1.11
-0.61
0.66
0.57
-0.79
0.19
-0.24
0.40
-1.07
1.45
-1.49
-0.12
-0.41
1.05
0.18
-1.65
1.69
-0.57
0.83
-0.72
-1.54
1.08
1.19
-0.45
-0.85
-0.11
0.33
0.76
-0.83
0.99
0.09
-0.65
0.37
-0.21
-0.28
-0.68
0.79
-0.61
-0.64
-0.33
0.61
-0.40
1.03
-0.62
0.68
-0.38
-0.56
0.89
-0.68
0.18
0.29
0.49
0.05
-0.95
-0.16
1.20
0.88
-0.75
-0.96
-1.24
0.09
0.23
-0.15
-0.02
-0.29
1.15
-1.09
-0.75
-0.40
0.37
0.66
-0.72
0.98
0.27
0.01
-0.96
0.35
0.26
1.14
-0.75
-0.58
0.30
-0.48
0.45
0.45
-0.88
0.18
0.73
0.06
-0.50
-1.11
1.31
-0.97
-0.47
0.89
0.70
0.23
1.08
-0.39
-0.36
-0.08
-1.93
0.27
1.81
-1.60
-0.00
1.28
2.70
-0.94
0.00
0.69
0.15
1.49
-0.97
-0.01
0.28
-0.44
-0.09
-0.07
-0.50
-1.41
0.22
-0.67
0.78
-0.97
0.96
0.73
0.37
-0.48
0.70
-0.26
-1.43
-0.36
-0.77
0.87
-0.04
-0.09
-0.34
-0.76
0.61
0.44
-0.07
0.02
0.17
-1.32
0.08
1.24
-1.72
1.06
-0.22
0.62
-0.82
-0.26
-0.44
1.20
0.73
0.04
-1.15
0.42
0.10
-0.58
2.09
-1.76
-1.76
-0.27
1.46
-1.92
-0.72
1.21
-0.03
0.08
-0.69
-1.78
0.69
0.02
0.61
1.32
-2.08
-0.01
-1.33
-0.15
0.91
0.90
0.59
-0.78
-0.52
-0.31
-0.78
0.39
0.16
0.05
0.41
0.85
-0.01
1.03
0.82
0.37
-0.09
-2.29
0.96
-0.09
0.90
0.56
-0.96
-0.71
0.35
-1.22
0.64
1.73
-0.71
0.75
-2.42
-0.44
1.52
0.83
0.39
-0.01
-0.79
1.51
0.07
-0.95
1.45
0.52
-1.32
0.58
-2.37
1.86
-0.63
-0.76
1.49
-0.36
0.75
-0.31
-1.24
0.65
0.46
-0.46
0.47
-1.03
-0.36
1.04
0.14
-0.32
1.35
-0.74
0.02
0.09
-0.51
-0.54
0.51
-1.12
-0.12
-0.07
-0.45
0.67
1.38
-1.90
1.15
0.55
0.08
-0.69
-0.48
-0.29
0.49
0.15
0.40
1.29
-0.36
0.55
-0.14
-0.71
0.42
1.48
-0.55
-3.04
-1.12
0.43
0.02
1.67
1.69
-2.32
-0.19
0.50
-0.20
1.57
-1.43
-0.27
0.15
1.03
-0.96
0.18
-0.09
-0.47
1.10
0.27
-0.84
0.24
-1.13
0.10
-0.94
-0.64
1.09
-0.26
0.15
1.43
-2.86
0.15
1.02
-1.71
0.66
-1.30
-0.53
-0.55
0.18
-0.64
0.81
-0.39
0.64
-1.31
-0.02
0.21
-0.68
0.78
-1.19
0.82
-0.84
1.10
0.57
-1.80
-1.84
0.94
0.35
1.09
-0.08
0.79
-0.56
-1.19
-0.13
-2.00
1.81
0.42
0.42
-1.92
1.89
0.85
-0.42
0.93
-0.07
-0.37
-0.44
-1.72
0.63
2.24
-1.12
0.13
-0.36
0.80
-0.39
-1.30
-0.76
-1.33
-0.33
2.64
-0.94
0.59
1.17
-1.17
-0.34
0.95
1.54
-2.19
-0.23
-0.01
0.84
0.91
0.51
-2.06
0.40
1.55
-1.91
0.20
0.63
-1.77
0.51
0.42
-1.36
0.43
-0.09
-0.44
1.19
0.25
-2.34
0.80
0.26
0.13
-1.34
-0.63
1.25
0.89
-1.44
0.45
-2.75
1.39
0.10
0.10
1.42
-0.62
1.14
-1.39
0.16
-0.70
-1.23
0.58
0.99
-0.78
1.04
-0.68
-0.00
0.07
0.02
-0.48
0.72
-0.25
-0.42
1.82
-0.20
-0.53
-1.06
1.69
-0.98
-0.47
1.63
-0.50
0.24
-0.09
-0.25
-0.25
2.35
-1.29
-0.30
0.40
-1.54
-1.69
-0.70
-1.22
0.95
1.11
-0.00
-1.39
1.46
-0.55
-2.14
1.41
-0.61
2.82
3.77
-0.15
-2.44
-0.60
-2.66
1.74
0.71
-0.87
0.95
0.36
-1.20
0.38
-0.51
-0.57
-1.47
-1.62
3.57
-2.65
0.83
0.85
-1.20
-0.00
0.10
-0.48
1.92
-0.69
1.81
-0.87
-2.12
0.29
0.06
0.45
-0.88
1.31
-0.34
-2.36
-0.00
0.45
0.31
0.83
0.06
-1.40
-0.74
1.73
-1.65
-0.49
1.18
0.83
-2.03
-0.43
3.26
-1.54
-2.12
0.35
1.30
-1.38
1.81
1.10
-2.81
1.58
0.49
-1.30
-1.06
1.70
-0.66
0.74
1.52
-2.01
-0.35
0.46
0.89
-1.17
3.67
0.78
1.57
1.57
3.98
-0.16
-2.40
1.87
-0.17
-1.19
-0.18
0.62
-1.22
1.41
-1.05
-1.04
1.82
-1.49
-0.25
-1.56
0.97
0.66
-0.41
-0.10
-0.39
0.61
-2.15
-0.42
1.04
-0.87
1.25
-0.87
-0.06
1.09
-0.30
-0.29
0.86
0.26
-0.51
2.04
-0.74
0.46
1.36
-0.30
-0.75
-0.80
0.03
-2.49
-0.71
0.26
-0.81
1.13
-0.15
-1.01
-2.60
2.51
-3.17
0.84
2.15
-1.73
0.65
0.55
0.03
-1.05
-0.63
-0.17
0.38
0.70
-3.07
1.11
1.26
-2.76
1.95
-0.43
-1.38
0.43
-0.76
1.20
1.93
0.15
-1.00
-0.19
0.27
0.47
2.58
0.48
-0.12
-1.13
1.39
1.76
-1.91
-0.22
-0.83
0.64
-0.86
0.17
2.67
-2.72
-0.51
0.48
-0.80
-0.80
0.59
-0.75
-0.96
-1.04
2.93
-1.13
-1.04
-0.11
1.83
-0.74
-0.16
0.07
0.98
-1.92
3.06
2.01
-4.39
-1.09
5.80
-0.07
-0.58
0.97
0.73
1.01
-1.07
-0.46
-1.92
0.40
0.89
-1.99
0.25
-0.08
-0.39
-0.40
1.44
-0.94
-0.93
0.26
-0.60
-0.80
2.04
0.07
0.06
0.94
-0.48
-2.35
1.28
2.25
-3.09
3.56
-2.28
-0.13
2.92
-2.80
-1.77
1.04
0.15
0.68
-0.00
-2.12
-0.05
0.02
-1.48
1.95
0.09
0.38
-2.19
-0.74
0.72
1.01
-0.32
0.28
0.73
0.30
0.50
2.65
-1.66
0.89
-1.14
-0.37
-0.72
1.54
-0.74
-0.74
0.30
1.59
-1.88
-2.34
2.83
-0.05
-1.21
1.59
-1.71
0.27
1.20
-1.20
-1.44
0.20
-1.07
0.07
3.72
-1.66
0.31
-0.93
-0.53
1.31
-2.20
2.34
0.07
-0.37
1.34
0.55
-2.35
0.09
-0.52
0.24
0.08
0.11
0.85
-0.88
-0.10
0.89
-0.19
-1.69
1.24
-3.76
-0.89
0.81
1.82
-2.95
-1.85
2.90
-0.05
-0.99
2.34
3.15
-0.78
0.08
0.93
-0.92
-1.75
1.45
2.48
-0.34
0.57
-1.67
0.52
1.23
-1.69
0.18
1.76
-0.75
0.11
0.41
-1.15
0.43
-1.02
1.03
-0.78
-1.95
-1.13
1.25
-1.97
0.15
2.00
-0.99
-1.15
-0.03
-2.24
2.69
0.77
-0.33
1.04
-0.50
-0.06
1.20
2.01
-1.31
0.66
0.66
-0.46
-0.42
-0.55
0.59
1.67
-2.06
-0.13
-0.91
1.35
0.55
-0.50
0.24
0.45
-3.23
1.56
1.10
4.06
-0.44
0.61
-1.59
-3.10
0.21
2.33
-1.71
0.16
0.34
1.48
0.41
-0.18
-1.28
1.55
-1.30
0.68
1.17
-2.93
1.06
2.28
2.05
-4.97
-1.82
0.97
2.59
-0.53
1.27
0.89
-2.27
-2.45
-0.19
1.39
2.88
-1.32
-2.82
2.56
-0.71
-1.91
2.36
-0.11
1.10
0.90
-0.94
-0.28
0.93
0.03
0.53
-1.92
-1.82
0.86
-1.95
-0.06
-0.14
1.48
-4.51
-1.23
0.97
0.79
-0.85
0.97
-1.78
-1.80
0.10
1.59
7.40
1.57
-2.85
3.53
-1.90
-2.39
1.41
0.29
-2.10
-3.68
2.67
0.76
-0.90
1.45
1.29
1.29
-3.08
-2.52
-1.14
1.14
0.50
0.11
3.38
-2.61
-3.86
1.67
0.87
0.30
1.70
-0.67
-0.59
-0.17
1.02
1.49
-0.35
2.20
-1.91
-0.09
2.21
-0.33
1.20
-2.41
-0.91
1.13
0.86
-0.53
0.63
0.48
-2.72
-0.66
-2.08
2.70
0.98
1.33
-0.09
-1.73
0.49
-0.54
1.47
-0.73
3.65
-1.39
-1.16
0.65
1.57
0.70
-0.94
-5.06
-0.68
-0.28
0.87
-0.11
-0.40
0.11
-1.89
-0.75
-0.40
1.16
1.19
-0.77
1.63
-2.40
-0.21
-0.56
-2.29
1.32
0.62
0.37
-1.81
-0.29
0.27
-0.41
-1.48
-0.08
-0.77
0.02
0.20
-1.22
1.07
-1.44
-0.33
-1.51
1.66
1.85
-1.63
1.28
-1.90
-0.68
0.52
3.44
0.97
0.05
0.68
0.68
-1.23
1.24
-1.33
2.15
0.12
1.14
1.45
-3.53
0.93
2.31
-0.42
-1.64
-2.84
2.28
3.59
-2.87
-1.60
2.56
-0.96
-1.66
-0.32
0.92
-0.35
0.90
1.38
-1.76
-0.04
-0.13
1.82
-1.38
1.41
1.36
-1.32
-0.01
0.98
1.51
-3.99
-3.41
1.25
-0.24
1.62
-0.30
0.11
-2.42
-2.34
1.47
2.79
-0.71
-0.29
0.37
-0.48
-3.05
2.51
2.79
-2.26
-1.30
1.50
-0.08
1.35
0.69
-2.54
-1.30
-0.13
1.19
-1.60
0.17
0.56
0.52
-2.54
-2.26
-0.85
4.17
2.76
-0.03
0.26
-3.62
1.00
0.66
0.95
1.52
1.01
-1.47
2.27
-1.00
-0.37
0.20
-0.79
-2.52
3.15
-1.93
0.22
-1.50
2.69
-2.58
0.06
2.04
-2.31
1.27
-0.68
-1.11
-0.18
-2.04
1.11
1.11
2.01
0.43
1.05
-1.07
-1.51
1.00
0.88
1.02
0.38
-1.22
-1.00
0.67
0.66
-0.04
-0.07
-1.46
-3.91
2.81
4.08
-1.69
1.19
0.68
-3.55
1.61
0.66
0.17
1.16
0.29
1.24
-1.44
-0.59
1.36
-1.07
-0.34
-0.50
0.78
-1.57
-0.17
1.33
-1.62
-3.17
-0.60
4.48
-0.48
1.47
-0.98
0.84
-3.93
4.13
-1.96
1.14
-2.01
0.86
1.51
-0.79
3.54
-1.42
1.16
0.69
0.68
-2.01
-0.15
-1.00
-0.70
1.47
-3.38
1.20
1.88
0.53
-1.97
0.91
-3.42
-1.57
1.07
0.54
-2.32
0.94
-1.10
-1.28
4.16
4.01
2.53
-2.71
-0.41
3.51
-3.83
-0.62
2.09
-0.84
-0.86
2.07
-2.32
-1.20
3.69
-0.21
-3.80
-0.57
1.39
0.88
0.05
0.05
0.03
-1.20
-0.82
-1.26
-1.73
0.80
1.19
0.25
-0.18
-1.44
-1.12
-1.45
1.10
0.07
-0.85
0.94
2.50
-0.12
-0.10
-1.70
0.11
0.56
-0.75
2.50
0.11
-0.27
-0.71
-1.82
2.73
0.02
1.83
0.56
-4.18
1.77
0.48
0.21
-1.14
-0.18
0.13
-2.19
2.43
-1.85
-3.11
1.61
0.09
-2.79
4.06
1.30
-0.44
0.20
2.76
-5.05
0.31
4.03
-1.41
0.03
-1.09
1.39
-1.09
-1.18
-0.44
-1.71
-2.00
-0.49
-0.20
0.47
-0.54
1.13
-2.64
-0.42
2.17
1.99
2.33
-2.78
-0.00
0.31
-3.04
4.28
2.60
-2.46
0.55
-0.23
-1.60
1.22
-0.47
-0.53
-0.20
-1.02
-1.65
1.26
-2.53
3.18
-2.78
0.25
0.57
2.46
2.46
0.73
0.11
0.07
0.07
-1.01
0.11
1.32
-0.53
-0.27
-0.87
-0.22
-1.42
-1.59
0.96
-3.82
0.67
3.64
-0.59
-2.34
1.34
-0.97
-1.57
0.78
-0.81
2.03
-2.47
-1.24
2.78
-2.30
0.32
4.54
-1.25
-0.72
-0.48
0.60
1.07
-2.90
3.77
-4.75
3.94
-0.87
-1.31
-1.45
-1.48
0.90
-0.04
-1.49
-1.27
2.36
-0.53
-2.10
2.09
-2.15
-1.09
3.93
-1.10
0.26
-1.25
-0.36
1.72
-1.46
-0.18
-2.35
0.66
-1.95
1.09
0.59
-2.82
1.19
0.55
-1.98
1.52
0.55
-0.51
-2.66
-0.14
-1.27
-0.77
0.73
-0.47
-0.71
0.21
0.41
0.78
-1.88
1.64
-1.55
-0.10
-0.58
-0.35
-0.21
-2.89
2.16
-0.18
0.51
0.64
2.42
0.70
-3.71
1.46
0.36
0.71
3.82
1.95
-1.40
-0.64
2.33
4.47
4.47
1.99
1.69
1.69
-2.27
0.81
0.43
-2.22
-1.85
0.17
2.08
-1.59
0.64
0.37
-1.49
-2.16
1.33
0.10
-1.96
0.69
0.90
-0.66
-0.37
1.08
-1.29
-4.53
-3.47
2.04
-3.66
0.04
4.50
-5.58
-0.60
1.85
-3.87
-0.66
0.88
0.10
-1.24
-1.49
1.42
-2.20
0.07
1.36
1.74
-0.59
0.74
-1.14
1.78
-3.69
3.40
-0.20
-0.55
1.93
-1.27
-0.78
1.12
0.17
-2.77
-0.60
0.43
1.70
-1.87
-0.93
0.16
-0.14
-0.47
3.51
-2.44
0.41
-0.06
0.62
1.00
-1.98
3.83
-1.43
0.76
-0.11
0.22
0.62
-1.83
-3.20
2.19
-0.54
0.17
-3.32
2.10
1.85
-1.29
-0.85
-0.91
2.00
4.23
-0.92
-0.92
1.58
1.58
-0.26
2.65
2.65
1.42
-1.40
2.05
0.97
-2.52
-3.21
2.43
-1.34
-2.77
-0.30
1.29
-2.63
-0.64
0.83
-2.03
1.09
0.59
0.99
-1.58
1.18
-2.41
-3.39
2.81
-0.98
2.63
0.79
-1.89
-0.64
1.67
-1.49
-1.45
0.08
-0.11
1.18
0.12
-2.75
-2.30
4.43
2.01
-0.14
-1.33
0.86
0.06
-1.26
0.34
-5.09
-0.29
2.89
0.50
0.11
1.86
-3.24
0.10
-0.91
-1.21
0.20
-1.36
0.87
-0.82
-0.79
-1.04
0.82
2.35
-0.85
0.98
0.76
-1.07
-0.38
0.25
-0.21
0.67
-0.97
-1.39
2.06
0.47
-0.02
-0.59
-2.37
0.07
-0.22
-1.15
-2.87
-0.88
-0.21
-1.48
0.56
-1.09
-1.07
-0.31
3.98
-0.40
-2.43
1.43
-1.75
0.63
5.87
-4.67
-0.47
-0.03
0.44
0.44
0.99
-5.01
2.37
-0.60
2.15
-1.49
-0.57
1.41
-1.50
-1.86
1.91
-2.41
1.08
2.28
0.36
-0.80
-1.12
-0.52
-0.25
2.56
-0.61
-1.35
-0.16
0.28
-1.11
0.16
-1.52
1.06
0.23
-0.66
1.80
-1.77
-2.77
0.68
0.50
-0.78
1.36
0.12
0.57
-0.74
2.57
-0.90
-1.75
2.60
-0.09
0.48
-1.05
-0.29
1.23
-2.07
0.73
-1.34
-1.54
0.73
2.06
-3.66
0.51
0.50
-0.58
-1.94
3.67
0.95
-1.54
-0.24
3.57
-2.28
-0.48
4.32
-4.59
2.94
-1.60
0.97
0.11
-2.32
1.31
-0.95
1.25
-0.78
1.99
-0.26
-3.22
1.60
-0.03
-0.13
0.62
-1.00
-1.69
0.17
1.37
-1.65
1.34
3.72
-2.20
-2.52
-0.80
0.28
0.31
-4.02
1.31
1.31
0.80
0.79
0.79
0.17
-1.75
-3.01
1.23
-1.53
0.18
0.97
0.52
1.63
-0.28
-0.62
-2.79
0.83
2.43
-0.08
1.17
-1.01
0.49
-0.58
0.29
-1.96
-0.32
-0.26
0.47
0.45
-2.86
-4.48
4.48
0.57
-1.34
3.72
-4.20
3.93
1.59
2.01
-1.13
0.58
4.95
-0.15
-1.81
0.39
0.29
-0.72
-0.08
-1.08
0.42
-2.81
0.98
1.07
-0.48
0.13
-0.40
-0.08
-0.45
3.58
-1.37
-1.73
-0.82
0.65
0.07
-0.21
0.38
0.42
2.56
-2.05
0.34
-1.70
-2.86
3.89
0.66
-0.62
-0.05
0.42
-1.11
0.46
-0.13
-4.59
0.54
2.24
-1.56
0.98
2.38
-2.48
0.46
0.50
0.95
-0.32
-1.36
1.31
-0.66
-1.05
-0.20
-0.20
2.15
2.15
0.75
0.62
-1.96
-1.95
2.25
-1.72
-1.00
1.54
-0.61
2.14
0.49
-1.48
-0.55
-2.20
0.98
2.40
-2.70
-0.91
0.33
0.88
-0.96
-1.30
-0.60
-1.59
0.72
0.10
1.08
-1.76
0.02
-0.12
-1.55
4.43
1.50
-0.64
-0.72
0.60
-1.77
0.07
3.68
-1.10
1.26
-1.49
1.10
-0.88
-0.39
-0.15
1.30
-0.17
-0.66
-2.76
-1.19
0.11
0.26
0.27
-1.90
-1.39
0.80
-0.87
-3.61
3.70
-1.58
-0.52
1.08
0.51
0.98
-0.55
-0.35
0.25
-2.82
0.67
-0.80
0.16
-0.63
-0.52
1.41
-2.21
0.95
0.32
-2.15
1.11
1.89
-1.44
-4.22
1.22
-0.00
-1.40
2.87
0.90
-1.28
-1.28
0.99
1.79
-3.35
-2.11
2.73
-2.65
1.36
1.79
-1.62
-3.04
-1.29
2.36
-2.82
-2.52
4.89
-0.45
-2.35
0.45
0.38
0.71
-1.61
3.24
0.06
-2.88
2.66
1.03
-2.41
0.82
-1.25
-0.38
-1.32
2.87
1.21
-2.15
-1.15
1.72
-2.57
-0.75
4.33
-1.47
