-0.02
-0.02
-0.02
-0.02
-0.02
-0.02
-0.02
-0.01
-0.02
-0.02
-0.02
-0.02
-0.01
-0.01
-0.02
-0.02
-0.02
-0.01
-0.01
-0.02
-0.02
-0.02
-0.02
-0.01
-0.01
-0.02
-0.02
-0.01
-0.01
-0.02
-0.01
-0.02
-0.02
-0.02
-0.02
-0.02
-0.02
-0.01
-0.02
-0.02
-0.02
-0.02
-0.02
-0.01
-0.02
-0.02
-0.02
-0.02
-0.01
-0.01
-0.02
-0.01
-0.02
-0.02
-0.02
-0.02
-0.02
-0.02
-0.02
-0.02
-0.02
-0.01
-0.02
-0.02
-0.01
-0.01
-0.01
-0.01
-0.02
-0.01
-0.02
-0.02
-0.02
-0.02
-0.02
-0.02
-0.01
-0.01
-0.01
-0.01
-0.01
-0.02
-0.02
-0.02
-0.02
-0.02
-0.02
-0.02
-0.01
-0.02
-0.02
-0.01
-0.01
-0.01
-0.02
-0.02
-0.01
-0.01
-0.01
-0.02
-0.02
-0.01
-0.01
-0.01
-0.01
-0.02
-0.02
-0.02
-0.02
-0.02
-0.02
-0.01
-0.02
-0.01
-0.02
-0.02
-0.02
-0.02
-0.02
-0.02
-0.02
-0.02
-0.02
-0.01
-0.01
-0.01
-0.01
-0.01
-0.01
-0.02
-0.01
-0.01
-0.02
-0.02
-0.01
-0.01
-0.02
-0.02
-0.01
-0.01
-0.01
-0.01
-0.01
-0.01
-0.02
-0.02
-0.02
-0.01
-0.01
-0.01
-0.02
-0.02
-0.02
-0.02
-0.02
-0.02
-0.02
-0.02
-0.02
-0.02
-0.02
-0.02
-0.02
-0.02
-0.02
-0.02
-0.02
-0.02
-0.02
-0.02
-0.02
-0.02
-0.02
-0.02
-0.02
-0.02
-0.02
-0.02
-0.02
-0.02
-0.02
-0.01
-0.02
-0.02
-0.01
-0.02
-0.02
-0.02
-0.02
-0.02
-0.02
-0.02
-0.02
-0.02
-0.02
-0.02
-0.02
-0.02
-0.02
-0.02
-0.02
-0.02
-0.02
-0.02
-0.02
-0.03
-0.02
-0.02
-0.01
-0.01
-0.02
-0.00
-0.01
-0.01
-0.02
-0.01
-0.01
-0.01
-0.01
-0.01
-0.01
-0.01
-0.01
-0.01
-0.01
-0.01
-0.01
-0.02
-0.01
-0.01
-0.01
-0.01
-0.02
-0.02
-0.02
-0.02
-0.02
-0.03
-0.02
-0.03
-0.03
-0.02
-0.02
-0.03
-0.02
-0.04
-0.02
-0.02
-0.02
-0.02
-0.03
-0.02
-0.01
-0.01
-0.01
-0.00
-0.00
-0.01
0.01
0.01
0.01
0.01
0.01
0.01
0.01
0.01
0.01
0.01
0.01
0.01
0.01
0.00
0.00
-0.00
0.00
-0.01
-0.01
-0.01
-0.02
-0.01
-0.02
-0.02
-0.03
-0.03
-0.03
-0.02
-0.02
-0.03
-0.04
-0.04
-0.04
-0.04
-0.04
-0.04
-0.05
-0.05
-0.04
-0.04
-0.04
-0.04
-0.03
-0.03
-0.03
-0.03
-0.02
-0.02
-0.02
-0.02
-0.02
-0.01
-0.01
-0.01
-0.01
-0.01
-0.01
-0.01
-0.01
-0.01
-0.00
-0.00
-0.00
-0.00
-0.00
-0.00
-0.00
-0.00
-0.00
-0.01
-0.01
-0.01
-0.01
-0.01
-0.01
-0.01
-0.01
-0.01
-0.01
-0.01
-0.02
-0.01
-0.01
-0.02
-0.01
-0.01
-0.04
-0.00
-0.02
-0.02
-0.04
-0.01
-0.02
-0.04
-0.02
-0.03
-0.03
-0.02
-0.06
0.05
-0.04
-0.11
-0.83
-0.26
0.45
0.06
-1.20
0.84
1.25
-0.55
-0.27
-0.05
0.32
-0.03
0.06
-0.88
-0.15
-0.03
-0.30
0.24
0.57
-0.08
-0.31
-0.35
-0.26
0.49
-0.30
-0.39
0.27
-0.60
0.00
0.47
-0.01
-0.01
0.28
-0.01
0.27
-0.53
0.41
0.62
-0.14
-0.49
0.22
-0.50
0.26
0.30
-0.42
0.26
0.29
-0.31
-0.12
0.33
0.22
-0.12
-0.09
0.04
-0.43
0.36
-0.17
-0.55
1.13
0.19
0.74
0.11
0.38
0.10
-0.25
0.07
-0.79
0.29
-0.50
0.58
0.14
0.36
-0.28
0.60
-0.10
0.14
-0.10
0.08
-0.66
0.04
0.25
0.35
-0.60
0.49
-0.63
1.03
0.34
-1.38
1.01
0.34
-0.89
0.07
-0.06
-0.02
0.27
-0.21
0.24
0.42
-0.06
-0.64
0.79
0.79
0.72
-1.19
0.10
0.69
-0.81
-0.22
-0.90
-0.55
1.01
-1.10
0.58
-0.42
0.57
0.02
-0.56
1.16
-0.72
-0.33
0.05
0.18
0.05
-0.75
0.17
-0.10
0.21
0.31
0.44
-0.64
0.51
-0.51
0.12
0.78
-0.48
-0.36
0.18
-0.06
-0.01
-0.36
0.28
0.47
-0.46
0.19
-0.60
0.40
0.94
-0.75
-0.41
0.08
-0.33
0.04
-0.05
0.21
0.27
0.23
0.19
-0.32
0.35
0.46
-0.88
0.61
-0.10
-0.53
0.52
-0.21
-0.12
0.48
0.82
0.21
-0.80
0.47
0.41
-1.19
0.40
-0.62
-0.09
0.75
0.75
-0.65
-0.25
0.34
0.40
-0.11
-0.58
0.95
0.07
-0.41
-0.00
-0.08
0.08
0.56
0.47
-0.10
-0.77
-0.29
0.27
0.32
-0.11
0.27
-0.75
-0.14
0.62
-0.68
-0.13
-0.88
0.75
-0.07
0.36
0.40
-1.11
0.62
0.11
-0.61
-0.22
0.64
0.00
0.67
-0.61
-0.44
-0.57
0.48
0.11
-0.58
0.88
0.62
-0.40
-0.82
0.68
-0.38
-0.14
0.75
-0.74
-0.55
1.13
0.01
-0.68
0.81
-0.15
-0.32
-0.46
0.22
0.50
-0.66
-1.00
0.49
0.37
0.14
-0.44
-0.07
-0.18
0.25
-0.20
-0.55
0.82
0.16
-0.63
-0.37
-1.15
0.22
0.22
1.76
-0.46
-0.22
0.28
-0.35
-0.43
0.50
-0.48
-0.36
1.06
-0.10
-0.45
0.50
0.24
0.44
-0.98
0.23
0.94
0.47
-1.54
-0.91
1.57
-1.34
-0.14
0.02
0.58
-1.33
-0.02
-0.01
-0.45
0.81
0.42
0.37
0.08
0.03
0.57
-0.73
-0.36
1.11
-1.41
-0.44
0.12
0.24
-0.26
-0.01
-0.85
-0.22
0.71
-0.22
0.27
-0.56
0.35
-1.70
0.68
-0.46
1.12
-0.81
-0.55
1.80
-0.10
-0.19
-1.93
0.47
-0.40
0.10
0.19
0.05
1.09
-0.16
-1.64
2.75
-0.01
-1.21
1.69
-0.63
-0.50
-0.43
-0.74
-0.61
0.08
0.27
-0.48
0.15
-0.11
-0.19
-0.19
-0.14
1.22
0.81
-0.17
-1.45
0.59
1.60
-1.26
-2.13
-0.60
0.58
1.00
-0.90
0.81
0.02
-2.83
2.62
-0.71
1.51
-1.12
0.79
0.77
-0.64
1.55
-2.32
0.65
-1.56
-0.45
0.72
0.53
-1.34
1.07
0.63
0.58
-1.22
-0.02
0.50
0.36
-0.99
-1.42
0.34
-1.54
-1.14
3.23
-0.30
-2.03
0.65
0.73
-0.88
0.99
0.47
-0.07
-0.53
0.35
0.08
-0.75
-0.84
-1.08
0.50
-0.12
-0.31
-1.07
-1.37
-0.17
-0.74
1.27
1.57
0.10
-1.12
1.87
0.14
-2.63
-0.47
-0.20
1.56
-2.72
1.03
-1.00
0.65
-1.18
1.61
0.36
0.22
-0.79
0.24
0.30
-1.12
-1.12
0.11
0.42
0.14
0.19
-0.18
0.20
0.79
-0.97
0.20
-1.33
0.95
1.37
-0.97
-2.58
1.08
1.06
-1.56
0.98
0.06
-0.38
-0.28
1.30
1.59
-1.29
-0.47
2.46
-0.98
-1.29
-1.53
-0.31
0.52
-0.66
0.70
-0.36
1.63
-2.07
-0.55
0.58
-0.22
0.17
0.62
-1.24
-2.17
1.48
0.37
2.08
1.36
-2.02
-0.15
0.69
0.29
0.81
0.10
0.27
-0.76
1.41
-0.53
0.16
-0.01
-0.64
0.66
0.12
-0.74
-0.41
-0.66
2.84
-0.01
-1.14
0.07
1.71
-1.09
-0.79
0.89
-0.54
0.96
0.56
-1.05
-0.23
-0.85
0.73
1.70
-0.08
-1.19
-0.05
-0.05
-0.02
-1.13
0.52
0.57
-0.86
0.25
0.78
-0.25
-2.11
1.91
0.73
-0.52
-0.53
-1.40
0.03
0.56
-0.89
0.57
0.24
-0.79
0.17
-1.48
1.51
0.42
-0.07
0.50
-1.54
-0.89
0.37
-0.31
0.94
0.07
-0.65
-0.13
0.50
-0.03
1.69
-0.55
-1.17
-1.38
0.33
-0.53
1.61
-0.73
-0.01
-0.53
-0.31
0.37
0.57
0.32
1.42
-1.70
-0.68
-0.11
-0.78
1.34
3.47
-1.19
-2.05
-1.57
1.82
1.19
0.16
0.12
0.50
-1.81
0.03
0.41
0.70
0.36
-0.54
-1.63
0.40
1.90
-0.53
-0.78
2.48
-0.83
-1.70
1.01
0.54
-1.11
0.63
0.63
0.90
-0.95
-0.69
0.98
0.38
-0.62
1.12
-1.22
-1.33
1.11
-0.60
0.45
-0.30
-0.81
0.53
-0.43
1.31
0.17
-1.27
1.41
-1.18
-0.03
-1.49
-0.15
1.63
0.35
-1.59
-0.16
0.94
1.12
-1.39
-0.21
0.82
0.98
-2.30
-0.64
1.65
-0.68
-2.07
-0.29
0.32
-0.63
-0.31
0.30
-0.69
1.81
0.01
-1.43
-0.96
1.67
1.12
-2.15
0.15
-1.74
0.42
3.13
0.61
-0.04
0.25
0.28
-1.68
-0.46
3.07
-2.42
0.87
-0.94
0.54
1.02
-0.22
0.54
-0.90
1.38
-1.97
0.94
0.71
1.07
-2.92
0.13
0.83
0.42
-0.70
-0.50
0.40
-2.22
1.43
1.36
-1.31
-1.31
-0.71
0.55
0.12
-1.82
0.48
-1.69
0.44
-0.28
0.73
0.55
-0.46
-0.12
-0.23
-0.86
1.25
-0.35
-0.82
-1.12
0.81
0.25
-0.31
0.30
-0.05
-0.88
0.48
0.56
-0.82
0.42
-0.84
0.10
0.41
-0.19
-0.58
0.68
-1.56
-1.28
0.87
-1.23
-1.60
-0.17
-0.81
-0.12
0.61
-0.63
-0.37
0.78
-1.26
0.85
0.05
0.39
-2.02
0.61
-0.52
-0.26
0.05
0.70
-0.59
-1.17
1.74
-0.52
-0.92
-0.21
0.21
1.59
-0.96
1.13
1.08
-1.33
-0.22
-0.90
1.20
-0.10
-0.66
0.59
-0.37
0.52
-0.61
-0.09
1.00
-1.52
-0.44
0.34
1.30
-0.60
-0.94
-0.40
-0.40
0.19
1.13
0.44
-1.66
-0.33
0.00
-0.13
0.96
-0.19
-0.03
0.84
-1.89
-1.30
-1.22
1.61
0.70
-0.65
-1.49
1.88
-1.81
-0.17
-0.06
-0.11
0.37
0.22
0.01
-0.25
0.37
-0.16
0.35
-0.18
-0.73
0.38
0.65
-0.33
0.06
-0.25
1.38
-0.71
-1.40
-0.66
0.12
1.37
-1.58
-2.19
-0.93
2.17
0.72
-1.34
-1.25
-0.23
-0.59
-1.65
-0.05
-2.52
-1.27
-2.65
-1.11
5.99
-0.67
-1.23
-2.12
1.89
-1.23
0.52
-0.24
0.17
-0.57
0.08
0.51
1.09
0.41
-1.96
-1.71
0.17
-1.35
0.69
0.97
-0.68
0.39
-1.09
1.31
0.12
-0.86
0.19
-1.35
1.77
-0.46
-0.46
0.30
-1.78
0.17
1.84
-0.17
-0.11
-0.08
-0.66
0.58
0.22
0.06
-0.24
-0.73
-2.27
1.45
3.04
-1.19
-0.28
-1.65
-0.40
-0.51
0.85
-0.34
-0.57
0.25
-0.68
2.40
-1.22
-0.91
1.39
-0.14
-1.02
0.14
1.83
0.27
-1.80
-0.18
2.12
-0.97
-0.20
0.35
-0.33
-0.60
-0.14
-0.75
-0.95
-1.08
1.98
2.14
-1.39
-2.72
-0.52
1.70
-0.18
-1.39
2.23
-0.68
2.09
1.07
-0.88
0.07
-0.99
-1.91
0.87
1.87
-1.11
1.03
-1.28
0.20
0.53
0.55
-1.21
0.54
0.08
-0.19
-0.32
-0.42
0.24
-0.91
1.37
1.23
-1.17
-0.15
0.91
-0.13
-1.21
-0.45
-0.63
1.52
1.52
-1.33
0.47
-1.74
-1.74
-1.15
0.80
-0.05
-1.64
0.38
0.96
0.17
0.12
-0.47
-0.95
0.18
-0.43
-0.75
0.40
0.66
-0.53
0.38
-1.53
-0.73
1.70
0.83
-1.20
0.44
-0.41
-1.04
1.46
-0.31
-1.06
0.58
0.04
0.18
-0.35
-0.60
0.97
0.24
-0.83
-1.23
0.68
-1.89
0.31
-0.17
-0.09
0.40
1.74
-0.18
-1.76
0.02
0.32
-0.71
0.85
0.43
-2.27
0.62
-0.17
0.86
0.95
0.53
-1.90
-1.36
0.21
-0.80
0.59
0.28
0.04
0.46
-0.12
-0.70
0.01
0.51
-1.08
1.55
0.08
0.54
-2.18
1.65
0.84
0.84
-1.02
-0.24
0.11
-0.12
-0.59
-0.01
-1.20
-0.52
1.35
1.63
-0.87
-1.37
-0.56
2.29
-1.75
-0.78
0.42
0.32
0.18
1.04
-0.09
-0.20
-0.05
-1.03
-0.38
0.84
-0.76
1.18
-1.13
1.16
0.94
-2.03
-0.13
-0.46
1.13
-0.71
-1.71
0.53
-3.53
0.04
0.76
-1.29
-0.67
1.29
-1.00
-0.57
-0.01
0.45
0.02
0.11
0.14
0.47
-1.57
-0.03
-1.21
-0.12
-0.05
1.75
-1.06
-0.81
-0.06
-0.64
-0.06
1.01
1.53
1.68
-2.63
2.61
-0.07
-1.10
-0.56
0.27
0.85
-0.03
0.83
0.63
-2.24
-0.63
-1.10
-0.32
-0.12
-0.12
1.98
0.82
-2.97
1.14
1.19
0.10
1.03
-0.38
-0.20
-0.46
0.57
-0.97
0.00
0.80
1.25
-0.46
-1.75
-0.22
1.64
1.13
-0.20
-2.90
1.10
2.90
-0.18
-1.43
-0.83
1.48
-0.27
-1.24
1.57
0.16
-0.32
0.20
1.33
-0.31
-1.39
-0.62
0.84
-0.06
-0.21
0.23
-2.11
0.96
0.96
0.47
-1.28
0.34
1.15
-1.41
-1.16
-0.25
0.59
0.99
0.04
-2.14
0.80
0.08
-2.08
0.68
-0.73
0.73
-0.09
-0.05
0.22
-0.34
0.16
-0.83
1.10
0.41
-0.44
-0.92
-0.36
-0.19
0.34
1.36
-0.53
0.63
0.36
0.70
0.20
0.40
0.62
-1.31
-1.31
-0.16
-0.71
-0.50
-0.45
1.04
0.45
-2.34
-2.56
-1.88
-0.05
-0.18
-0.85
-0.98
2.49
0.16
-1.67
0.49
-0.06
0.04
-0.82
-0.16
0.29
-0.37
1.49
0.47
-0.97
-1.24
1.55
-0.01
-1.48
-0.89
0.23
1.68
-1.75
0.69
0.93
-1.37
-0.03
0.08
1.21
-3.12
2.88
0.79
-0.33
-0.72
0.73
0.70
-0.11
-1.35
-1.87
0.07
0.81
-1.26
1.33
-1.66
-0.01
0.43
-0.37
-0.82
1.24
-0.11
-0.10
-0.66
-0.21
0.51
0.29
-0.94
1.00
0.21
-0.78
0.56
-1.29
0.20
0.98
0.20
-0.18
-0.81
0.62
0.56
-1.77
-1.77
0.76
0.59
-2.13
2.44
-0.09
-1.22
0.26
2.99
-2.57
0.24
0.28
0.38
0.46
-2.36
0.73
0.08
0.28
1.14
0.14
0.15
-1.64
-1.52
-0.65
-1.22
0.68
-0.15
0.51
1.21
-1.06
-1.25
0.02
0.67
0.63
0.05
-0.87
0.22
1.14
-0.57
-0.40
0.92
-0.10
-1.52
1.51
-0.31
-1.08
0.33
2.90
-1.18
-1.79
-0.92
2.22
-0.57
0.87
-1.96
0.27
1.77
-0.49
-2.23
0.85
0.74
-1.75
1.48
-0.66
-0.15
0.67
-0.38
1.16
-1.27
-0.52
1.24
-0.09
-1.63
0.56
-0.85
1.32
0.03
-0.08
0.13
-0.94
0.79
0.31
-0.00
-0.00
-0.00
-0.00
-0.00
-0.00
-0.00
-0.00
-0.00
-0.00
-0.00
-0.00
0.00
0.00
0.00
0.00
0.00
0.00
0.00
0.00
0.00
0.00
0.00
0.00
0.00
0.00
0.00
0.00
0.00
0.00
0.00
0.00
0.00
0.00
0.00
0.00
0.00
0.00
0.00
0.00
0.00
0.00
0.00
0.00
0.00
0.00
0.00
0.00
0.00
0.00
0.00
0.00
0.00
0.00
0.00
0.00
0.00
0.00
0.00
0.00
0.00
0.00
0.00
0.00
0.00
0.00
0.00
0.00
0.00
0.00
0.00
0.00
0.00
0.00
0.00
0.00
0.00
0.00
0.00
0.00
0.00
0.00
0.00
0.00
0.00
0.00
0.00
0.00
0.00
0.00
0.00
0.00
0.00
0.00
0.00
0.00
0.00
0.00
0.00
0.00
0.00
0.00
0.00
0.00
0.00
0.00
0.00
0.00
0.00
0.00
0.00
0.00
0.00
0.00
0.00
0.00
0.00
0.00
0.00
0.00
0.00
0.00
0.00
0.00
0.00
0.00
0.00
0.00
0.00
0.00
0.00
0.00
0.00
0.00
0.00
0.00
0.00
0.00
0.00
0.00
0.00
0.00
0.00
0.00
-0.00
-0.00
-0.00
-0.00
-0.00
-0.00
-0.00
-0.00
-0.00
-0.00
-0.00
-0.00
0.00
0.00
0.00
0.00
0.00
0.00
0.00
0.00
0.00
0.00
0.00
0.00
0.00
0.00
0.00
0.00
0.00
0.00
0.00
0.00
0.00
0.00
0.00
0.00
0.00
0.00
0.00
0.00
0.00
0.00
0.00
0.00
0.00
0.00
0.00
0.00
0.00
0.00
0.00
0.00
0.00
0.00
0.00
0.00
0.00
0.00
0.00
0.00
0.00
0.00
0.00
0.00
0.00
0.00
0.00
0.00
0.00
0.00
0.00
0.00
0.00
0.00
0.00
0.00
0.00
0.00
0.00
0.00
0.00
0.00
0.00
0.00
0.00
0.00
0.00
0.00
0.00
0.00
0.00
0.00
0.00
0.00
0.00
0.00
0.00
0.00
0.00
0.00
0.00
0.00
0.00
0.00
0.00
0.00
0.00
0.00
0.00
0.00
0.00
0.00
0.00
0.00
0.00
0.00
0.00
0.00
0.00
0.00
0.00
0.00
0.00
0.00
0.00
0.00
0.00
0.00
0.00
0.00
0.00
0.00
0.00
0.00
0.00
0.00
0.00
0.00
0.00
0.00
0.00
0.00
0.00
0.00
0.00
0.00
0.00
0.00
0.00
0.00
0.00
0.00
0.00
0.00
0.00
0.00
0.00
0.00
0.00
0.00
0.00
0.00
0.00
0.00
0.00
0.00
0.00
0.00
0.00
0.00
0.00
0.00
0.00
0.00
0.00
0.00
0.00
0.00
0.00
0.00
0.00
0.00
0.00
0.00
0.00
0.00
0.00
0.00
0.00
0.00
0.00
0.00
0.00
0.00
0.00
0.00
0.00
0.00
0.00
0.00
0.00
0.00
0.00
0.00
0.00
0.00
0.00
0.00
0.00
0.00
0.00
0.00
0.00
0.00
0.00
0.00
0.00
0.00
0.00
0.00
0.00
0.00
0.00
0.00
0.00
0.00
0.00
0.00
0.00
0.00
0.00
0.00
0.00
0.00
0.00
0.00
0.00
0.00
0.00
0.00
0.00
0.00
0.00
0.00
0.00
0.00
0.00
0.00
0.00
0.00
0.00
0.00
0.00
0.00
0.00
0.00
0.00
0.00
0.00
0.00
0.00
0.00
0.00
0.00
0.00
0.00
0.00
0.00
0.00
0.00
0.00
0.00
0.00
0.00
0.00
0.00
0.00
0.00
0.00
0.00
0.00
0.00
0.00
0.00
0.00
0.00
0.00
0.00
0.00
0.00
0.00
0.00
0.00
0.00
0.00
0.00
0.00
0.00
0.00
0.00
0.00
0.00
0.00
0.00
0.00
0.00
0.00
0.00
0.00
0.00
0.00
0.00
0.00
0.00
0.00
0.00
0.00
0.00
0.00
0.00
0.00
0.00
0.00
0.00
0.00
0.00
0.00
0.00
0.00
0.00
0.00
0.00
0.00
0.00
0.00
0.00
0.00
0.00
0.00
0.00
0.00
0.00
0.00
0.00
0.00
0.00
0.00
0.00
0.00
0.00
0.00
0.00
0.00
0.00
0.00
0.00
0.00
0.00
0.00
0.00
0.00
0.00
0.00
0.00
0.00
0.00
0.00
0.00
0.00
0.00
0.00
0.00
0.00
0.00
0.00
0.00
0.00
0.00
0.00
0.00
0.00
0.00
0.00
0.00
0.00
0.00
0.00
0.00
0.00
0.00
0.00
0.00
0.00
0.00
0.00
0.00
0.00
0.00
0.00
0.00
0.00
0.00
0.00
0.00
0.00
0.00
0.00
0.00
0.00
0.00
0.00
0.00
0.00
0.00
0.00
0.00
0.00
0.00
0.00
0.00
0.00
0.00
0.00
0.00
0.00
0.00
0.00
0.00
0.00
0.00
0.00
0.00
0.00
0.00
0.00
0.00
0.00
0.00
0.00
0.00
0.00
0.00
0.00
0.00
0.00
0.00
0.00
0.00
0.00
0.00
0.00
0.00
0.00
0.00
0.00
0.00
0.00
0.00
0.00
0.00
0.00
0.00
0.00
0.00
0.00
0.00
0.00
0.00
0.00
0.00
0.00
0.00
0.00
0.00
0.00
0.00
0.00
0.00
0.00
0.00
0.00
0.00
0.00
0.00
0.00
0.00
0.00
0.00
0.00
0.00
0.00
0.00
0.00
0.00
0.00
0.00
0.00
0.00
0.00
0.00
0.00
0.00
0.00
0.00
0.00
0.00
0.00
0.00
0.00
0.00
0.00
0.00
0.00
0.00
0.00
0.00
0.00
0.00
0.00
0.00
0.00
0.00
0.00
0.00
0.00
0.00
0.00
0.00
0.00
0.00
0.00
0.00
0.00
0.00
0.00
0.00
0.00
0.00
0.00
0.00
0.00
0.00
0.00
0.00
0.00
0.00
0.00
0.00
0.00
0.00
0.00
0.00
0.00
0.00
0.00
0.00
0.00
0.00
0.00
0.00
0.00
0.00
0.00
0.00
0.00
0.00
0.00
0.00
0.00
0.00
0.00
0.00
0.00
0.00
0.00
0.00
0.00
0.00
0.00
0.00
0.00
0.00
0.00
0.00
0.00
0.00
0.00
0.00
0.00
0.00
0.00
0.00
0.00
0.00
0.00
0.00
0.00
0.00
0.00
0.00
0.00
0.00
0.00
0.00
0.00
0.00
0.00
0.00
0.00
0.00
0.00
0.00
0.00
0.00
0.00
0.00
0.00
0.00
0.00
0.00
0.00
0.00
0.00
0.00
0.00
0.00
0.00
0.00
0.00
0.00
0.00
0.00
0.00
0.00
0.00
0.00
0.00
0.00
0.00
0.00
0.00
0.00
0.00
0.00
0.00
0.00
0.00
0.00
0.00
0.00
0.00
0.00
0.00
0.00
0.00
0.00
0.00
0.00
0.00
0.00
0.00
0.00
0.00
0.00
0.00
0.00
0.00
0.00
0.00
0.00
0.00
0.00
0.00
0.00
0.00
0.00
0.00
0.00
0.00
0.00
0.00
0.00
0.00
0.00
0.00
0.00
0.00
0.00
0.00
0.00
0.00
0.00
0.00
0.00
0.00
0.00
0.00
0.00
0.00
0.00
0.00
0.00
0.00
0.00
0.00
0.00
0.00
0.00
0.00
0.00
0.00
0.00
0.00
0.00
0.00
0.00
0.00
0.00
0.00
0.00
0.00
0.00
0.00
0.00
0.00
0.00
0.00
0.00
0.00
0.00
0.00
0.00
0.00
0.00
0.00
0.00
0.00
0.00
0.00
0.00
0.00
0.00
0.00
0.00
0.00
0.00
0.00
0.00
0.00
0.00
0.00
0.00
0.00
0.00
0.00
0.00
0.00
0.00
0.00
0.00
0.00
0.00
0.00
0.00
0.00
0.00
0.00
0.00
0.00
0.00
0.00
0.00
0.00
0.00
0.00
0.00
0.00
0.00
0.00
0.00
0.00
0.00
0.00
0.00
0.00
0.00
0.00
0.00
0.00
0.00
0.00
0.00
0.00
0.00
0.00
0.00
0.00
0.00
0.00
0.00
0.00
0.00
0.00
0.00
0.00
0.00
0.00
0.00
0.00
0.00
0.00
0.00
0.00
0.00
0.00
0.00
0.00
0.00
0.00
0.00
0.00
0.00
0.00
0.00
0.00
0.00
0.00
0.00
0.00
0.00
0.00
0.00
0.00
0.00
0.00
0.00
0.00
0.00
0.00
0.00
0.00
0.00
0.00
0.00
0.00
0.00
0.00
0.00
0.00
0.00
0.00
0.00
0.00
0.00
0.00
0.00
0.00
0.00
0.00
0.00
0.00
0.00
0.00
0.00
0.00
0.00
0.00
0.00
0.00
0.00
0.00
0.00
0.00
0.00
0.00
0.00
0.00
0.00
0.00
0.00
0.00
0.00
0.00
0.00
0.00
0.00
0.00
0.00
0.00
0.00
0.00
0.00
0.00
0.00
0.00
0.00
0.00
0.00
0.00
0.00
0.00
0.00
0.00
0.00
0.00
0.00
0.00
0.00
0.00
0.00
0.00
0.00
0.00
0.00
0.00
0.00
0.00
0.00
0.00
0.00
0.00
0.00
0.00
0.00
0.00
0.00
0.00
0.00
0.00
0.00
0.00
0.00
0.00
0.00
0.00
0.00
0.00
0.00
0.00
0.00
0.00
0.00
0.00
0.00
0.00
0.00
0.00
0.00
0.00
0.00
0.00
0.00
0.00
0.00
0.00
0.00
0.00
0.00
0.00
0.00
0.00
0.00
0.00
0.00
0.00
0.00
0.00
0.00
0.00
0.00
0.00
0.00
0.00
0.00
0.00
0.00
0.00
0.00
0.00
0.00
0.00
0.00
0.00
0.00
0.00
0.00
0.00
0.00
0.00
0.00
0.00
0.00
0.00
0.00
0.00
0.00
0.00
0.00
0.00
0.00
0.00
0.00
0.00
0.00
0.00
0.00
0.00
0.00
0.00
0.00
0.00
0.00
0.00
0.00
0.00
0.00
0.00
0.00
0.00
0.00
0.00
0.00
0.00
0.00
0.00
0.00
0.00
0.00
0.00
0.00
0.00
0.00
0.00
0.00
0.00
0.00
0.00
0.00
0.00
0.00
0.00
0.00
0.00
0.00
0.00
0.00
0.00
0.00
0.00
0.00
0.00
0.00
0.00
0.00
0.00
0.00
0.00
0.00
0.00
0.00
0.00
0.00
0.00
0.00
0.00
0.00
0.00
0.00
0.00
0.00
0.00
0.00
0.00
0.00
0.00
0.00
0.00
0.00
0.00
0.00
0.00
0.00
0.00
0.00
0.00
0.00
0.00
0.00
0.00
0.00
0.00
0.00
0.00
0.00
0.00
0.00
0.00
0.00
0.00
0.00
0.00
0.00
0.00
0.00
0.00
0.00
0.00
0.00
0.00
0.00
0.00
0.00
0.00
0.00
0.00
0.00
0.00
0.00
0.00
0.00
0.00
0.00
0.00
0.00
0.00
0.00
0.00
0.00
0.00
0.00
0.00
0.00
0.00
0.00
0.00
0.00
0.00
0.00
0.00
0.00
0.00
0.00
0.00
0.00
0.00
0.00
0.00
0.00
0.00
0.00
0.00
0.00
0.00
0.00
0.00
0.00
0.00
0.00
0.00
0.00
0.00
0.00
0.00
0.00
0.00
0.00
0.00
0.00
0.00
0.00
0.00
0.00
0.00
0.00
0.00
0.00
0.00
0.00
0.00
0.00
0.00
0.00
0.00
0.00
0.00
0.00
0.00
0.00
0.00
0.00
0.00
0.00
0.00
0.00
0.00
0.00
0.00
0.00
0.00
0.00
0.00
0.00
0.00
0.00
0.00
0.00
0.00
0.00
0.00
0.00
0.00
0.00
0.00
0.00
0.00
0.00
0.00
0.00
0.00
0.00
0.00
0.00
0.00
0.00
0.00
0.00
0.00
0.00
0.00
0.00
0.00
0.00
0.00
0.00
0.00
0.00
0.00
0.00
0.00
0.00
0.00
0.00
0.00
0.00
0.00
0.00
0.00
0.00
0.00
0.00
0.00
0.00
0.00
0.00
0.00
0.00
0.00
0.00
0.00
0.00
0.00
0.00
0.00
0.00
-0.00
-0.00
-0.00
-0.00
-0.00
-0.00
-0.00
-0.00
-0.00
-0.00
-0.00
-0.00
0.00
0.00
0.00
0.00
0.00
0.00
0.00
0.00
0.00
0.00
0.00
0.00
0.00
0.00
0.00
0.00
0.00
0.00
0.00
0.00
0.00
0.00
0.00
0.00
0.00
0.00
0.00
0.00
0.00
0.00
0.00
0.00
0.00
0.00
0.00
0.00
0.00
0.00
0.00
0.00
0.00
0.00
0.00
0.00
0.00
0.00
0.00
0.00
0.00
0.00
0.00
0.00
0.00
0.00
0.00
0.00
0.00
0.00
0.00
0.00
0.00
0.00
0.00
0.00
0.00
0.00
0.00
0.00
0.00
0.00
0.00
0.00
0.00
0.00
0.00
0.00
0.00
0.00
0.00
0.00
0.00
0.00
0.00
0.00
0.00
0.00
0.00
0.00
0.00
0.00
0.00
0.00
0.00
0.00
0.00
0.00
0.00
0.00
0.00
0.00
0.00
0.00
0.00
0.00
0.00
0.00
0.00
0.00
0.00
0.00
0.00
0.00
0.00
0.00
0.00
0.00
0.00
0.00
0.00
0.00
0.00
0.00
0.00
0.00
0.00
0.00
0.00
0.00
0.00
0.00
0.00
0.00
0.00
0.00
0.00
0.00
0.00
0.00
0.00
0.00
0.00
0.00
0.00
0.00
0.00
0.00
0.00
0.00
0.00
0.00
0.00
0.00
0.00
0.00
0.00
0.00
0.00
0.00
0.00
0.00
0.00
0.00
0.00
0.00
0.00
0.00
0.00
0.00
0.00
0.00
0.00
0.00
0.00
0.00
0.00
0.00
0.00
0.00
0.00
0.00
0.00
0.00
0.00
0.00
0.00
0.00
0.00
0.00
0.00
0.00
0.00
0.00
0.00
0.00
0.00
0.00
0.00
0.00
0.00
0.00
0.00
0.00
0.00
0.00
0.00
0.00
0.00
0.00
0.00
0.00
0.00
0.00
0.00
0.00
0.00
-0.00
-0.00
-0.00
-0.00
-0.00
-0.00
-0.00
-0.00
-0.00
-0.00
-0.00
-0.00
0.00
0.00
0.00
0.00
0.00
0.00
0.00
0.00
0.00
0.00
0.00
0.00
0.00
-0.00
-0.00
-0.00
-0.00
-0.00
-0.00
-0.00
-0.00
-0.00
-0.00
-0.00
-0.00
0.00
0.00
0.00
0.00
0.00
0.00
0.00
0.00
0.00
0.00
0.00
0.00
0.00
0.00
0.00
0.00
0.00
-0.00
-0.00
-0.00
-0.00
-0.00
-0.00
-0.00
-0.00
-0.00
-0.00
-0.00
-0.00
0.00
0.00
0.00
0.00
0.00
0.00
0.00
0.00
0.00
0.00
0.00
0.00
0.00
0.00
0.00
0.00
0.00
0.00
0.00
0.00
0.00
0.00
0.00
0.00
0.00
0.00
0.00
0.00
0.00
0.00
0.00
0.00
0.00
0.00
0.00
0.00
0.00
0.00
0.00
0.00
0.00
0.00
0.00
0.00
0.00
0.00
0.00
0.00
0.00
0.00
0.00
0.00
0.00
0.00
0.00
0.00
0.00
0.00
0.00
0.00
0.00
0.00
0.00
0.00
0.00
0.00
0.00
0.00
0.00
0.00
0.00
0.00
0.00
0.00
0.00
0.00
0.00
0.00
0.00
0.00
0.00
0.00
0.00
0.00
0.00
0.00
0.00
0.00
0.00
0.00
0.00
0.00
0.00
0.00
0.00
0.00
0.00
0.00
0.00
0.00
0.00
0.00
0.00
0.00
0.00
0.00
0.00
0.00
0.00
0.00
0.00
0.00
0.00
0.00
0.00
0.00
0.00
0.00
0.00
0.00
0.00
0.00
0.00
0.00
0.00
0.00
0.00
0.00
0.00
0.00
0.00
0.00
0.00
0.00
0.00
0.00
0.00
0.00
0.00
0.00
0.00
0.00
0.00
0.00
0.00
0.00
0.00
0.00
0.00
0.00
0.00
0.00
0.00
0.00
0.00
0.00
0.00
0.00
0.00
0.00
0.00
0.00
0.00
0.00
0.00
0.00
0.00
0.00
0.00
0.00
0.00
0.00
0.00
0.00
0.00
0.00
0.00
0.00
0.00
0.00
0.00
0.00
0.00
0.00
0.00
0.00
0.00
0.00
0.00
0.00
0.00
0.00
0.00
0.00
0.00
0.00
0.00
0.00
0.00
0.00
0.00
0.00
0.00
0.00
0.00
0.00
0.00
0.00
0.00
0.00
0.00
0.00
0.00
0.00
0.00
0.00
0.00
0.00
0.00
0.00
0.00
0.00
0.00
0.00
0.00
0.00
0.00
0.00
0.00
0.00
0.00
0.00
0.00
0.00
0.00
0.00
0.00
0.00
0.00
0.00
0.00
0.00
0.00
0.00
0.00
0.00
0.00
0.00
0.00
0.00
0.00
0.00
0.00
0.00
0.00
0.00
0.00
0.00
0.00
0.00
0.00
0.00
0.00
0.00
0.00
0.00
0.00
0.00
0.00
0.00
0.00
0.00
0.00
0.00
0.00
0.00
0.00
0.00
0.00
0.00
0.00
0.00
0.00
0.00
0.00
0.00
0.00
0.00
0.00
0.00
0.00
0.00
0.00
0.00
0.00
0.00
0.00
0.00
0.00
0.00
0.00
0.00
0.00
0.00
0.00
0.00
0.00
0.00
0.00
0.00
0.00
0.00
0.00
0.00
0.00
0.00
0.00
0.00
0.00
0.00
0.00
0.00
0.00
0.00
0.00
0.00
0.00
0.00
0.00
0.00
0.00
0.00
0.00
0.00
0.00
0.00
0.00
0.00
0.00
0.00
0.00
0.00
0.00
0.00
0.00
0.00
0.00
0.00
0.00
0.00
0.00
0.00
0.00
0.00
0.00
0.00
0.00
0.00
0.00
0.00
0.00
0.00
0.00
0.00
0.00
0.00
0.00
0.00
0.00
0.00
0.00
0.00
0.00
0.00
0.00
0.00
0.00
0.00
0.00
0.00
0.00
0.00
0.00
0.00
0.00
0.00
0.00
0.00
0.00
0.00
0.00
0.00
0.00
0.00
0.00
0.00
0.00
0.00
0.00
0.00
0.00
0.00
0.00
0.00
0.00
0.00
0.00
0.00
0.00
0.00
0.00
0.00
0.00
0.00
0.00
0.00
0.00
0.00
0.00
0.00
0.00
0.00
0.00
0.00
0.00
0.00
0.00
0.00
0.00
0.00
0.00
0.00
0.00
0.00
0.00
0.00
0.00
0.00
0.00
0.00
0.00
0.00
0.00
0.00
0.00
0.00
0.00
0.00
0.00
0.00
0.00
0.00
0.00
0.00
0.00
0.00
0.00
0.00
0.00
0.00
0.00
0.00
0.00
0.00
0.00
0.00
0.00
0.00
0.00
0.00
0.00
0.00
0.00
0.00
0.00
0.00
0.00
0.00
0.00
0.00
0.00
0.00
0.00
0.00
0.00
0.00
0.00
0.00
0.00
0.00
0.00
0.00
0.00
0.00
0.00
0.00
0.00
0.00
0.00
0.00
0.00
0.00
0.00
0.00
0.00
0.00
0.00
