0.01
0.01
0.01
0.01
0.00
0.00
-0.00
0.01
0.01
0.00
0.01
0.01
0.01
0.01
0.00
0.00
0.01
0.01
0.01
0.01
0.00
0.00
0.01
0.01
0.01
0.01
0.01
0.01
0.01
0.01
0.01
0.01
0.01
0.01
0.01
0.00
0.01
0.00
0.01
0.01
0.01
0.01
0.01
0.01
0.01
0.01
0.01
0.01
0.01
0.00
0.01
0.00
0.00
0.01
0.00
0.01
0.01
0.01
0.01
0.01
0.01
0.01
0.01
0.01
0.01
0.00
0.00
0.01
0.01
0.01
0.00
0.01
0.01
0.01
0.01
0.00
0.01
0.01
0.00
0.01
0.00
0.00
0.00
-0.00
0.00
0.01
0.01
0.01
0.01
0.00
0.00
0.01
0.01
-0.00
-0.00
0.01
0.00
0.01
0.01
0.00
0.01
0.00
0.01
0.01
0.01
0.01
0.01
0.01
0.01
0.01
0.00
0.00
0.01
0.00
0.00
0.00
0.00
-0.00
0.01
0.01
0.01
0.00
0.00
0.01
0.00
0.00
0.01
0.01
0.01
0.01
0.01
0.00
0.01
0.00
0.01
0.00
0.00
0.01
0.01
0.01
0.00
0.01
0.00
0.01
0.01
0.01
0.00
0.01
0.01
0.01
0.01
0.00
0.01
0.01
0.01
0.01
0.01
0.01
0.01
0.00
-0.00
-0.00
0.01
0.01
0.01
0.01
0.00
0.00
0.01
0.01
0.00
0.01
0.00
0.01
0.01
0.01
0.00
0.00
0.01
0.01
0.00
0.01
0.01
0.01
0.00
0.00
0.01
-0.00
0.00
0.01
0.01
0.00
0.01
0.00
0.00
0.00
0.00
0.01
0.01
0.01
0.00
0.01
0.00
0.00
0.01
0.00
0.01
0.00
0.00
0.00
0.00
0.01
0.01
0.01
0.00
0.01
0.00
0.00
0.01
0.00
0.01
0.01
0.00
0.01
0.01
0.00
0.01
0.01
0.00
0.00
0.01
0.00
0.01
0.00
-0.00
0.01
0.00
0.01
0.01
0.01
0.00
0.00
0.01
0.00
0.00
0.01
0.00
0.01
0.01
0.01
0.01
0.01
0.01
0.00
0.00
0.01
0.01
0.01
0.01
0.00
0.00
0.00
0.01
-0.00
0.01
0.01
0.01
0.01
0.00
0.01
0.01
0.01
0.01
0.01
0.01
0.01
0.01
0.01
0.01
0.00
0.00
0.00
0.01
0.01
0.01
0.01
0.01
0.01
0.01
0.00
0.01
-0.02
0.00
-0.01
0.02
-0.01
0.02
0.01
-0.05
0.03
0.01
0.13
-0.13
0.08
0.01
-0.03
-0.01
-0.15
0.44
-0.03
-0.12
0.07
0.74
0.10
0.96
-1.03
1.31
-0.72
0.57
-0.49
0.11
0.45
0.11
0.10
-0.16
-0.28
0.28
0.08
-0.34
0.22
-0.78
-0.78
0.38
-0.11
-0.01
-0.19
0.24
-0.02
-0.02
-0.03
0.58
-0.05
-0.36
0.36
-0.50
0.37
-0.16
0.09
0.34
-0.50
0.27
-0.20
-0.54
0.63
-0.26
0.17
-0.23
-0.25
0.12
-0.22
0.11
0.04
0.04
-0.06
0.02
-0.16
0.61
-0.31
-0.29
0.19
-0.56
0.33
-0.15
0.10
0.28
-0.33
0.53
-0.24
-0.28
0.70
-0.46
0.07
-0.29
-0.28
0.24
-0.10
0.33
-0.05
0.00
-0.04
-0.19
-0.13
0.52
-0.23
-0.34
0.18
-0.33
0.73
-0.36
0.24
0.11
-0.17
0.37
-0.26
-0.42
0.62
-0.43
0.07
0.31
-0.13
0.28
-0.22
0.30
0.30
-0.02
-0.19
0.04
-0.21
-0.13
0.45
0.16
-0.25
0.48
-0.24
0.35
-0.05
0.07
-0.11
0.05
0.09
-0.22
-0.28
0.46
-0.13
0.16
0.03
-0.05
0.31
-0.08
0.34
-0.16
-0.05
-0.07
-0.18
-0.49
-0.05
0.24
-0.01
0.27
-0.42
0.29
0.07
0.03
-0.04
0.05
-0.09
0.15
-0.61
0.26
0.16
0.09
0.22
-0.40
0.35
-0.14
0.26
0.02
-0.18
-0.38
-0.05
-0.24
0.21
0.05
0.23
-0.09
0.07
0.14
0.06
0.12
-0.10
0.61
-0.56
0.12
-0.57
0.46
0.46
-0.04
0.23
-0.00
-0.04
0.15
-0.14
-0.27
-0.20
0.48
-0.54
0.40
-0.67
0.29
-0.04
0.11
0.06
-0.02
0.03
-0.22
-0.25
0.04
0.35
-0.61
0.18
-0.46
0.39
-0.08
-0.08
0.29
-0.15
0.02
-0.06
-0.37
0.11
0.47
-0.84
0.49
-0.54
0.21
0.20
-0.14
0.23
0.18
-0.23
-0.01
0.03
-0.45
0.66
-0.31
-0.17
-0.10
0.00
0.36
-0.24
-0.06
-0.07
0.20
-0.28
-0.08
0.03
0.31
-0.34
0.23
-0.60
0.21
-0.09
0.09
0.06
0.02
-0.08
-0.15
0.13
-0.27
0.52
0.52
-0.66
0.36
-0.49
0.13
-0.29
0.40
-0.21
0.17
0.07
-0.26
0.14
-0.15
0.34
-0.50
0.31
0.04
0.12
0.10
-0.11
0.27
0.08
-0.14
0.05
-0.15
-0.23
0.62
-0.69
0.24
-0.41
0.53
-0.44
0.12
0.74
-0.47
-0.14
-0.01
-0.07
-0.26
0.69
0.07
0.02
-0.13
0.20
0.12
-0.10
0.21
-0.13
0.13
0.07
-0.41
0.00
0.29
0.14
0.10
-0.06
-0.04
0.09
-0.10
0.01
0.06
-0.09
0.03
-0.15
-0.19
0.09
0.08
0.30
-0.27
-0.02
0.17
-0.18
0.24
-0.16
0.16
0.16
-0.65
0.41
-0.50
0.26
0.34
-0.26
0.25
0.01
-0.00
0.02
0.03
0.01
0.51
-0.82
0.48
-0.56
0.13
0.17
-0.14
0.31
-0.13
0.04
-0.01
0.05
0.14
0.35
-0.78
0.35
-0.04
0.03
-0.29
0.48
-0.19
-0.11
0.04
0.26
0.00
0.33
-0.16
-0.26
0.12
-0.27
0.08
0.11
0.27
-0.14
0.18
-0.09
0.29
-0.59
0.61
-0.07
-0.13
-0.13
-0.30
0.34
-0.58
0.43
-0.09
0.34
0.27
-0.48
-0.36
1.12
-0.78
-0.15
0.25
-0.64
0.35
0.22
0.22
-0.20
0.07
-0.04
-0.00
-0.13
0.05
0.13
-0.03
-0.43
0.81
-0.92
0.08
0.26
0.41
-0.29
0.00
0.38
-0.42
-0.29
0.38
0.16
-0.49
0.32
-0.57
0.40
0.02
0.06
0.02
-0.02
0.03
-0.08
-0.15
0.17
0.29
-0.66
0.19
-0.32
0.31
0.04
-0.20
0.35
-0.26
-0.07
0.12
-0.36
0.26
0.21
-0.55
0.41
0.03
0.07
0.08
-0.05
0.11
-0.17
-0.02
0.09
-0.34
0.57
0.04
-0.51
0.28
-0.04
-0.00
0.15
-0.09
-0.07
0.15
-0.20
0.10
-0.16
0.43
-0.17
0.42
0.15
-0.16
0.35
-0.17
-0.03
0.33
-0.05
-0.01
0.00
-0.15
-0.47
-0.36
0.23
-0.06
0.36
-0.26
0.17
-0.23
0.26
0.15
-0.29
0.06
0.05
-0.86
1.01
-0.66
0.44
0.22
-0.33
0.29
-0.04
-0.10
0.15
-0.08
0.06
0.54
-0.67
0.40
-0.05
-0.13
0.15
-0.02
0.07
0.40
-0.47
0.61
-0.65
-0.63
0.39
-0.56
-0.02
0.37
0.15
-0.14
0.31
0.04
-0.31
0.68
-0.19
0.38
-0.51
0.24
-0.51
0.12
0.45
-0.40
0.38
0.04
0.08
0.13
0.21
0.28
0.28
0.26
-0.64
0.23
-0.81
0.59
0.02
-0.12
0.30
-0.31
0.14
0.11
-0.23
0.09
0.54
-0.98
0.59
-0.56
-0.04
0.40
-0.12
0.11
-0.03
0.08
-0.15
-0.03
-0.06
0.28
-0.60
0.41
-0.70
0.46
0.21
0.05
0.04
-0.08
0.18
-0.19
-0.08
-0.12
0.47
-0.51
0.14
-0.60
0.25
0.14
0.04
-0.48
-0.00
0.37
-0.26
-0.13
-0.05
0.25
-0.63
0.38
-0.68
0.49
-0.33
0.09
0.18
-0.23
0.27
-0.17
-0.52
0.52
0.31
-0.72
0.86
-1.11
0.51
-0.47
0.45
0.14
-0.56
0.20
0.20
0.06
-0.24
0.10
0.38
-0.95
0.61
0.10
0.06
0.10
-0.07
0.08
0.24
-0.31
0.19
-0.34
-0.20
1.14
-0.95
-0.38
0.39
-0.12
-0.14
0.48
-0.43
-0.47
0.76
-0.19
-0.47
0.37
0.15
0.08
-0.14
0.30
-0.24
-0.01
0.15
0.01
0.19
-0.15
-0.20
-0.07
-0.13
0.10
0.38
-0.12
-0.02
0.05
0.00
0.02
0.12
-0.09
0.02
0.04
-0.33
-0.43
0.02
0.20
0.24
0.10
-0.21
0.23
-0.02
0.01
-0.02
-0.11
0.06
0.25
-0.37
0.10
0.03
0.19
-0.10
-0.00
0.10
-0.03
-0.03
0.13
-0.12
0.45
-0.73
0.65
-0.66
0.34
0.03
-0.11
0.09
-0.15
-0.01
0.27
0.11
0.43
0.14
-0.67
0.52
-0.54
0.32
0.02
-0.03
0.00
0.31
0.03
0.04
-0.68
0.74
0.03
-0.73
0.79
-1.08
0.94
-0.91
0.75
0.02
-0.24
0.26
-0.31
-0.19
0.48
-0.13
-0.38
0.37
-0.50
0.14
0.26
0.06
0.03
0.01
-0.00
-0.46
0.09
-0.08
0.35
-0.72
0.43
-0.50
0.12
0.48
-0.32
0.15
-0.48
0.14
-0.01
-0.56
-0.56
0.57
-0.09
-0.50
0.34
-0.59
0.30
0.35
0.02
0.07
0.08
0.01
0.07
-0.55
0.38
0.26
-0.63
0.23
-0.32
0.20
0.27
-0.15
0.21
-0.09
-0.11
0.09
-0.26
0.41
-0.17
-0.01
-0.30
0.04
0.11
-0.01
0.23
-0.06
-0.15
0.17
-0.27
-0.43
0.50
-0.16
-0.27
0.18
-0.02
0.10
-0.09
-0.02
-0.05
-0.01
0.13
-0.05
-0.09
0.65
-0.98
0.64
0.52
-0.17
0.03
0.01
-0.20
0.25
0.02
-0.09
0.01
-0.35
0.52
-0.16
0.27
-0.01
-0.24
0.04
0.04
0.15
-0.17
0.04
0.29
-0.32
0.30
-0.21
-0.07
0.02
-0.04
0.14
0.13
0.06
0.21
-0.32
0.41
0.13
-0.60
0.43
0.09
-0.19
0.34
-0.24
0.26
0.06
-0.38
0.26
0.13
-0.07
-0.02
-0.04
-0.15
-0.04
0.13
-0.19
0.05
0.07
-0.14
0.22
-0.08
0.10
0.16
-0.06
-0.48
-0.01
-0.03
-0.32
0.41
-0.05
0.01
0.23
-0.09
0.05
0.08
-0.05
0.65
-0.58
0.01
-0.06
-0.19
0.24
0.10
0.12
-0.22
0.41
-0.26
0.22
-0.36
0.05
0.53
-0.50
0.23
-0.11
-0.30
0.24
-0.22
-0.02
0.11
-0.05
0.20
-0.10
-0.33
0.96
-0.66
0.21
-0.34
-0.23
0.23
-0.00
-0.14
-0.03
-0.02
0.12
-0.27
-0.02
0.28
-0.48
0.26
-0.46
0.21
0.12
0.04
-0.09
-0.29
0.33
-0.21
-0.25
-0.13
0.68
-0.63
0.63
-0.72
0.31
-0.12
0.30
0.07
-0.01
-0.12
-0.11
-0.03
0.11
0.16
-0.23
0.24
-0.59
0.26
0.09
0.07
0.32
-0.13
-0.05
0.22
-0.38
-0.04
0.65
-0.86
0.54
-0.56
0.21
0.04
0.04
0.11
-0.12
-0.25
0.04
-0.18
0.22
0.59
-0.73
-0.73
0.07
-0.28
-0.07
0.32
-0.10
0.02
-0.04
0.01
-0.04
-0.18
0.06
0.38
-0.66
0.02
0.12
-0.12
0.14
-0.11
0.10
0.03
-0.13
0.06
-0.24
0.19
0.35
0.06
0.09
-0.16
0.27
-0.27
0.20
0.05
-0.06
0.04
0.01
-0.23
0.02
0.28
-0.12
0.01
0.17
-0.05
0.07
-0.03
-0.04
0.13
-0.28
0.18
-0.32
-0.02
0.29
-0.54
0.36
-0.46
0.54
-0.30
0.62
-0.45
0.13
0.17
-0.33
-0.24
-0.10
0.37
-0.18
0.34
-0.23
0.29
0.29
-0.33
0.33
-0.07
-0.53
-0.27
0.33
-0.59
0.19
0.18
-0.07
0.11
-0.06
-0.04
0.20
-0.05
0.32
1.09
-0.41
-0.18
0.06
-0.24
0.02
-0.01
0.25
0.03
0.30
-0.25
0.53
-0.47
0.74
-0.69
0.13
-0.29
-0.01
0.27
-0.05
-0.19
0.31
0.31
-0.20
-0.33
-0.30
0.61
-0.46
-0.19
-0.05
-0.32
0.47
-0.36
0.33
-0.40
0.40
0.09
-0.24
-0.18
0.49
-0.30
-0.22
-0.11
-0.32
0.57
-0.04
-0.08
0.19
0.16
0.00
-0.07
-0.23
0.22
0.08
-0.35
0.08
-0.23
0.26
0.15
0.09
0.00
0.08
-0.22
0.07
-0.05
-0.33
0.48
-0.17
-0.16
0.15
-0.44
0.48
-0.16
0.28
-0.12
-0.46
0.57
-0.38
-0.35
0.51
-0.24
-0.15
0.13
-0.15
-0.01
0.28
-0.05
0.09
-0.08
-0.10
0.02
-0.47
0.86
-0.52
0.11
-0.14
0.01
0.48
-0.39
0.19
0.04
-0.71
0.95
-0.35
-0.17
0.58
-0.58
0.46
0.24
0.07
-0.00
-0.11
0.26
-0.29
0.13
0.13
-0.20
-0.34
0.79
-0.54
-0.08
0.12
-0.07
0.10
-0.09
0.04
0.10
-0.19
0.13
-0.15
-0.40
0.63
0.42
-0.60
0.50
0.03
-0.28
0.26
-0.03
-0.03
-0.08
0.22
-0.20
-0.21
-0.45
0.13
0.14
0.09
-0.06
-0.02
0.22
-0.02
-0.08
-0.00
0.03
-0.19
0.11
-0.41
0.07
0.15
0.09
0.01
0.16
-0.09
-0.04
-0.02
0.01
0.01
-0.41
0.00
-0.20
-0.17
0.31
0.15
0.15
-0.30
0.36
-0.24
-0.10
0.31
0.42
-0.58
0.55
-0.58
0.25
0.06
0.04
0.12
0.16
-0.01
0.07
0.11
-0.15
0.68
-0.52
0.60
-0.81
0.26
-0.35
0.36
-0.05
0.19
0.20
0.10
0.42
0.03
0.42
-0.79
-0.79
0.25
-0.28
0.10
0.03
0.25
-0.04
0.00
-0.26
0.07
-0.31
0.22
0.50
-0.80
0.63
-0.68
0.34
-0.07
0.09
0.03
-0.07
-0.20
0.21
-0.55
0.52
0.36
-0.92
0.76
-0.90
0.34
-0.01
0.30
0.39
-0.34
0.00
0.53
-0.66
0.20
0.60
-1.19
0.59
-0.41
0.35
-0.08
-0.18
0.12
0.18
-0.00
0.06
-0.45
0.30
-0.02
-0.42
0.33
-0.63
0.79
0.21
-0.05
0.08
-0.14
0.31
-0.25
-0.26
0.48
0.00
-0.55
0.38
-0.55
0.24
0.07
0.07
-0.04
0.02
-0.00
-0.17
-0.14
-0.29
0.47
-0.28
-0.18
0.22
0.07
0.02
-0.02
0.04
0.06
-0.07
-0.02
-0.08
-0.20
0.38
-0.20
0.01
0.21
0.09
-0.19
0.14
0.01
-0.12
0.19
-0.19
-0.02
-0.01
0.31
0.12
-0.01
0.02
0.24
0.24
0.03
-0.01
0.00
-0.16
0.26
-0.33
-0.10
-0.20
0.28
0.01
0.07
0.33
-0.07
0.08
0.21
-0.28
0.41
-0.24
-0.34
-0.06
-0.41
0.44
0.19
-0.34
0.50
-0.17
0.01
0.13
0.13
-0.46
0.48
-0.68
0.03
0.18
-0.07
0.17
-0.15
0.06
-0.29
0.31
0.03
0.10
0.02
0.77
-0.69
0.32
-0.72
0.09
0.42
-0.09
0.22
-0.15
0.21
0.08
-0.32
-0.47
0.64
-0.54
0.31
-0.50
0.20
0.07
0.02
0.23
-0.04
0.09
-0.05
-0.19
0.00
0.60
-0.72
0.34
-0.48
-0.20
0.30
0.29
0.02
-0.14
-0.04
0.22
-0.19
-0.20
0.73
-1.14
0.55
-0.48
0.31
0.17
-0.23
0.14
0.05
-0.20
0.37
-0.77
0.28
0.76
-1.06
1.04
-1.06
0.24
-0.02
0.15
0.15
-0.26
0.05
-0.09
-0.19
0.42
-0.34
0.28
-0.44
0.24
-0.25
0.08
0.16
0.02
0.16
-0.07
-0.18
0.33
-0.47
-0.13
1.08
-0.82
0.12
0.17
-0.64
0.00
0.06
-0.10
0.05
0.14
-0.13
-0.34
0.11
0.42
-0.66
0.70
-1.11
-0.22
-0.10
0.28
-0.05
0.23
-0.23
-0.21
-0.25
0.09
0.49
-0.68
0.35
-0.16
0.16
-0.16
0.19
0.10
-0.02
-0.05
-0.06
-0.25
0.17
0.38
-0.86
0.36
0.06
-0.10
0.26
-0.11
0.14
-0.10
-0.26
0.23
-0.40
0.34
0.33
-0.42
0.21
-0.10
0.18
-0.41
0.73
-0.49
-0.49
0.20
0.07
-0.11
-0.39
-0.72
0.34
0.08
0.25
0.05
-0.07
0.07
0.07
0.00
-0.12
0.11
-0.02
0.92
-0.81
0.11
0.50
-0.09
0.00
-0.04
-0.11
0.30
-0.05
-0.03
0.13
-0.63
0.61
-0.83
0.65
-0.42
0.49
-0.03
-0.03
-0.04
0.15
-0.15
0.24
0.38
-0.84
0.65
-0.76
0.39
0.23
-0.04
-0.15
0.28
-0.24
-0.00
0.10
0.21
0.34
-0.67
0.52
-0.36
0.25
-0.06
-0.23
0.22
0.06
0.03
-0.11
-0.21
0.16
0.55
-0.98
0.48
-0.44
0.20
0.05
0.05
-0.01
0.07
0.20
0.35
-0.43
0.05
0.41
-0.17
-0.14
0.15
-0.64
0.49
-0.15
0.05
0.34
-0.09
-0.17
0.06
-0.34
0.25
0.41
-0.70
0.37
-0.38
0.10
0.15
-0.14
0.10
0.31
-0.36
0.16
-0.25
-0.48
0.80
-0.87
0.55
-0.51
0.19
0.17
0.19
-0.02
-0.11
0.02
0.10
-0.36
0.57
0.00
-0.50
0.40
-0.63
0.39
-0.01
0.06
-0.38
0.63
-0.75
0.30
0.11
-0.25
0.52
-0.22
-0.02
-0.37
0.16
0.10
-0.20
0.55
-0.78
0.44
0.24
-0.58
0.34
0.19
0.19
-0.96
0.08
0.23
0.07
-0.46
0.30
-0.01
-0.26
0.46
-0.43
-0.27
0.48
-0.08
0.19
0.10
-0.20
-0.16
0.32
-0.01
-0.03
0.15
-0.10
-0.34
0.27
0.14
-0.11
0.12
-0.02
0.33
0.09
-0.12
0.09
-0.03
-0.12
0.23
-0.41
-0.14
0.36
0.08
0.17
0.11
-0.10
0.25
-0.28
0.14
-0.07
0.01
0.12
-0.08
-0.80
0.27
0.17
-0.25
0.46
-0.15
0.01
0.19
-0.23
0.15
0.11
-0.19
0.73
-0.74
0.29
-0.00
0.15
-0.14
0.21
-0.06
0.36
-0.43
0.40
-0.04
-0.30
0.04
0.06
-0.39
-0.39
0.34
0.08
0.11
0.12
0.05
-0.01
0.02
-0.74
0.93
-0.46
-0.05
0.17
-0.41
0.20
0.19
-0.14
0.16
0.32
-0.41
-0.12
-0.48
0.97
-0.92
0.11
0.16
-0.41
0.39
-0.10
0.31
-0.09
-0.09
-0.18
-0.23
-0.08
0.75
-0.76
0.28
-0.23
0.01
-0.05
0.01
0.01
0.03
0.08
-0.13
0.04
-0.29
0.63
-0.53
0.02
-0.04
-0.06
0.12
0.04
0.14
0.21
-0.13
-0.01
-0.15
0.02
0.58
-0.79
0.52
-0.32
-0.03
0.10
0.23
0.15
-0.12
-0.09
-0.02
-0.05
-0.27
0.75
0.75
-0.61
0.12
-0.12
-0.12
-0.07
-0.21
0.25
-0.16
-0.06
0.18
-0.23
-0.05
0.66
-0.75
0.58
-0.63
-0.06
0.10
0.02
-0.05
-0.03
-0.02
0.07
-0.14
0.20
0.28
-0.53
0.33
-0.16
0.14
-0.32
0.37
0.01
-0.12
0.09
0.09
-0.65
0.63
-0.04
-0.25
0.48
-0.25
0.18
0.10
0.18
-0.41
0.41
-0.11
-0.44
0.41
0.30
-0.35
0.04
-0.32
0.27
0.37
-0.36
0.24
0.24
-0.29
0.21
0.01
-0.32
0.27
0.72
-0.43
-0.01
0.23
-0.11
0.32
0.01
0.11
0.00
-0.26
0.08
-0.16
-0.64
-0.64
0.55
-0.10
-0.27
0.26
0.20
-0.07
0.19
0.01
0.05
0.14
-0.53
0.41
-0.89
0.72
-0.14
0.22
0.18
-0.12
0.01
0.00
0.16
-0.16
-0.25
-0.23
-0.07
0.04
-0.02
0.05
0.07
-0.34
0.50
0.15
-0.38
0.21
0.59
-0.52
0.30
-0.30
-0.07
0.29
-0.06
-0.04
-0.14
0.60
-0.53
0.64
-0.31
0.83
-0.68
0.23
-0.13
-0.55
0.55
-0.07
-0.15
0.07
0.54
-0.21
-0.56
-0.11
1.24
-1.60
0.85
-0.18
-0.42
0.13
0.04
0.02
0.13
-0.17
-0.41
0.41
-0.21
0.15
0.03
-0.35
0.13
0.13
-0.31
0.32
-0.14
-0.09
-0.34
0.17
-0.07
-0.03
-0.36
0.43
-0.21
-0.24
0.23
-0.65
0.56
-0.33
0.16
-0.01
-0.04
0.05
0.04
-0.26
0.50
0.06
-0.59
0.29
-0.43
0.28
-0.07
-0.01
0.09
-0.15
0.13
-0.09
-0.11
0.53
-0.29
-0.26
0.21
-0.60
-0.05
0.05
0.04
0.13
-0.08
0.06
-0.18
-0.05
0.21
-0.02
-0.24
-0.13
0.24
-0.17
0.20
0.07
0.05
0.09
0.02
-0.13
-0.20
0.46
-0.15
-0.18
0.13
-0.06
0.10
0.21
-0.16
-0.05
0.17
-0.05
-0.24
0.23
-0.18
0.03
-0.04
-0.03
0.01
0.23
0.08
-0.21
0.35
-0.01
0.04
-0.20
-0.05
0.04
-0.21
0.34
-0.04
0.04
0.08
0.15
-0.08
0.25
-0.01
-0.32
0.35
-0.45
-0.48
0.16
0.20
-0.07
-0.20
0.32
0.00
0.12
0.25
-0.25
-0.03
0.12
0.78
-0.72
0.61
-0.07
-0.17
0.20
-0.20
0.19
-0.07
0.24
0.01
-0.10
-0.86
0.41
-0.67
0.57
0.08
-0.10
0.30
0.12
-0.05
0.33
-0.33
0.22
0.34
-0.42
0.44
-0.41
0.10
0.07
0.17
0.04
0.09
0.03
-0.06
-0.06
-0.19
0.06
0.63
-0.64
0.42
-0.29
-0.11
0.39
-0.10
0.07
-0.09
0.21
0.26
-0.12
-0.20
0.62
-0.71
0.31
-0.43
0.49
-0.28
0.29
-0.13
0.66
0.69
-0.47
-0.05
-0.07
0.48
-0.39
0.25
-0.36
0.09
-0.02
0.02
0.28
0.03
-0.21
0.31
-0.55
0.34
0.27
-1.35
1.49
-0.81
0.10
0.48
-0.48
0.53
0.03
-0.43
0.32
-0.34
-0.37
0.64
-0.54
0.36
-0.43
0.05
0.13
0.02
-0.00
0.11
-0.06
-0.04
-0.13
0.03
0.46
-0.73
0.38
-0.46
0.31
-0.04
0.09
0.09
0.10
-0.21
0.03
-0.00
-0.36
0.45
0.38
-0.75
0.49
-0.05
-0.05
0.03
-0.19
0.38
-0.32
0.02
0.20
-0.31
0.37
0.13
-0.37
-0.31
0.38
0.00
-0.07
0.03
0.10
-0.08
0.10
0.07
-0.39
0.38
0.29
0.51
-0.09
-0.13
0.40
-0.32
0.09
0.12
-0.01
-0.03
-0.19
-0.21
0.56
0.43
0.03
-0.17
0.28
-0.14
0.18
0.05
-0.01
0.04
-0.34
0.30
-0.25
-0.80
0.40
-0.06
0.20
-0.04
-0.11
0.39
-0.22
-0.15
0.66
-0.30
-0.37
-0.21
0.30
-0.60
0.45
-0.18
0.28
0.05
-0.23
0.61
-0.38
0.29
-0.07
0.06
-0.52
0.12
-0.44
0.46
-0.06
0.10
-0.06
0.23
0.03
-0.06
0.10
0.56
-0.56
0.37
-0.48
0.13
0.20
-0.19
0.45
-0.18
0.03
0.13
0.01
-0.13
0.41
0.07
-0.35
0.21
-0.44
0.18
0.14
0.13
-0.24
0.28
-0.15
-0.07
-0.24
0.48
-0.19
0.07
-0.10
-0.39
0.28
0.15
-0.11
0.10
-0.08
-0.05
-0.21
-0.17
0.54
0.02
-0.20
0.16
-0.24
0.22
-0.15
0.47
-0.18
0.08
-0.05
-0.14
0.28
0.41
0.41
-0.89
0.83
-0.84
0.51
-0.20
0.05
0.15
0.27
-0.45
0.43
-0.55
0.12
0.58
-1.32
1.36
-1.01
0.26
-0.09
0.13
0.21
0.18
-0.19
-0.29
0.34
-0.46
0.54
-0.46
0.14
-0.35
-0.09
0.11
0.20
-0.09
0.15
-0.20
-0.13
-0.05
0.00
0.44
-0.94
0.70
-0.73
0.09
0.33
0.04
0.04
0.05
-0.01
-0.01
-0.41
0.04
0.58
-0.79
0.57
0.19
-0.19
0.39
0.02
0.02
0.20
-0.01
-0.21
-0.05
-0.23
0.53
-0.63
0.05
0.00
0.02
0.13
0.01
0.01
0.01
0.11
-0.20
-0.07
-0.06
-0.22
-0.14
0.17
0.19
-0.03
0.06
-0.02
-0.17
0.10
-0.11
0.14
0.06
-0.35
-0.85
-0.21
0.61
0.06
-0.01
0.18
-0.02
-0.30
0.38
-0.03
0.04
0.06
0.45
-0.66
0.03
0.28
0.12
-0.10
0.41
-0.70
0.91
-0.39
-0.28
0.52
-0.80
0.73
-0.53
0.35
0.01
0.12
0.02
-0.02
0.22
-0.25
0.02
0.39
0.08
-0.54
0.62
-0.99
0.77
-0.23
0.03
-0.00
-0.00
0.17
-0.17
0.58
-0.71
0.73
-0.09
-0.49
0.40
-0.74
0.53
-0.25
0.12
0.25
-0.30
0.09
-0.37
-0.07
0.43
-0.25
-0.35
0.29
-0.66
0.76
-0.21
0.02
0.25
0.05
-0.01
-0.28
-0.36
0.52
-0.22
-0.13
0.16
-0.69
0.87
-0.46
0.27
0.06
0.24
-0.09
-0.21
-0.21
0.08
0.15
-0.49
0.59
-0.69
0.32
-0.00
0.18
0.18
-0.30
-0.03
0.08
-0.21
0.25
0.39
-0.72
0.57
-0.46
0.16
-0.04
-0.01
0.07
0.19
-0.18
0.12
-0.35
0.09
0.44
-0.53
0.18
-0.40
0.34
0.29
0.07
-0.12
0.71
-0.92
0.12
0.22
-0.58
0.49
-0.04
-0.55
0.49
-0.06
0.13
0.01
0.09
0.12
-0.01
0.18
-0.27
-0.24
0.35
0.16
-0.58
0.16
0.10
0.02
0.07
-0.28
0.12
0.16
-0.49
0.35
-0.01
0.39
-0.60
-0.41
0.44
-0.40
0.09
0.11
-0.05
0.29
0.02
-0.22
-0.10
-0.15
0.57
0.60
-0.19
-0.09
0.06
0.18
-0.24
0.35
-0.05
-0.10
-0.00
0.04
-0.20
-0.06
0.45
-0.17
0.26
0.12
-0.14
0.18
0.12
-0.11
-0.09
-0.05
-0.20
0.25
-0.24
-0.14
0.14
0.01
0.33
-0.11
0.30
-0.42
0.59
-0.21
-0.29
-0.43
0.18
-0.18
-0.29
0.33
0.04
-0.05
0.22
-0.19
-0.01
0.21
0.13
0.31
-0.42
0.04
-0.06
-0.22
0.28
0.17
0.05
-0.24
0.44
-0.40
0.56
-0.04
0.61
-0.77
0.32
-0.24
0.18
-0.08
0.34
-0.30
0.42
-0.19
0.06
0.12
-0.47
0.78
-0.70
0.47
-0.74
0.62
-0.20
-0.07
0.29
-0.30
0.04
0.03
-0.70
0.39
0.51
-0.88
0.59
-0.81
0.48
-0.30
0.06
0.42
-0.03
0.23
-0.13
-0.01
-0.38
0.15
0.55
-0.76
0.27
-0.64
0.73
-0.26
0.33
0.03
0.19
-0.25
-0.01
-0.27
0.19
0.45
-0.81
0.64
-0.68
0.55
-0.24
0.01
-0.00
0.10
-0.23
0.03
-0.25
0.23
0.17
-0.30
0.18
-0.89
0.83
0.21
-0.12
-0.25
0.12
0.09
-0.04
0.14
0.18
0.12
-0.47
0.40
-0.64
0.01
-0.12
0.46
0.07
-0.09
0.08
-0.00
-0.60
0.35
0.20
-0.44
0.27
-0.57
0.62
-0.05
-0.26
0.22
0.07
-0.60
0.75
-0.23
-0.06
0.09
-0.20
0.18
-0.15
0.37
-0.24
0.16
0.21
-0.47
0.79
-0.80
-0.80
-0.28
0.61
0.68
-0.22
0.44
-0.03
-0.33
0.48
-0.35
0.10
0.03
-0.28
0.00
-0.06
-0.30
0.16
0.03
0.16
-0.19
0.09
0.09
0.18
-0.17
0.09
0.06
-0.02
0.63
-0.61
0.43
-0.11
0.12
0.11
-0.14
0.14
0.13
0.02
-0.02
-0.08
-0.80
0.41
-0.49
0.27
-0.12
0.40
-0.15
0.00
0.18
0.04
-0.16
0.18
0.39
-0.51
0.65
-0.87
0.51
0.32
-0.26
0.07
0.20
-0.48
0.08
0.27
0.23
0.03
-0.41
0.41
-0.68
0.44
-0.16
-0.39
0.85
-0.50
0.33
0.33
-0.21
0.06
0.29
0.06
-0.36
0.34
-0.47
0.40
-0.24
0.07
0.13
0.15
-0.52
0.34
-0.11
-0.19
0.53
-0.81
0.36
-0.31
0.07
0.12
0.08
-0.05
-0.21
0.10
0.04
-0.38
0.65
-0.53
0.16
-0.61
0.22
0.23
-0.47
0.24
-0.47
0.45
-0.04
-0.28
-0.10
0.53
-0.46
-0.35
0.48
-0.57
0.24
-0.01
0.07
0.07
0.12
0.03
-0.26
-0.22
0.49
-0.15
-0.34
0.36
-0.57
0.28
0.06
0.20
-0.11
-0.03
-0.12
-0.15
-0.15
0.61
-0.38
0.22
-0.29
-0.26
-0.15
0.04
0.03
-0.06
0.04
0.06
-0.23
-0.05
0.65
-0.47
-0.47
0.16
0.06
0.03
-0.06
0.09
-0.11
0.34
-0.03
-0.04
-0.21
-0.38
0.65
-0.36
0.05
0.02
-0.13
0.18
0.27
-0.34
0.25
0.06
-0.55
0.31
0.04
0.06
0.26
0.02
0.17
0.09
0.17
0.00
0.03
0.23
-0.27
0.07
-0.02
-0.43
-0.73
0.35
0.02
0.21
-0.15
0.12
0.03
0.06
0.08
-0.32
0.04
-0.19
-0.09
-0.12
0.04
0.33
-0.34
-0.06
0.19
-0.01
0.09
0.10
0.03
-0.03
-0.60
0.10
-0.08
-0.24
0.59
-0.04
-0.01
0.14
-0.05
0.13
0.03
-0.07
0.35
-0.66
0.60
-0.77
0.63
-0.38
0.13
0.19
0.09
-0.16
0.39
-0.37
0.01
0.59
-1.11
0.69
-0.58
0.17
0.19
-0.11
0.02
-0.33
0.28
0.47
0.21
-0.11
0.10
-0.41
0.18
-0.57
0.45
-0.20
-0.07
0.24
0.36
-0.31
0.24
-0.55
0.06
0.28
-0.57
0.64
-0.72
0.41
-0.41
0.95
-0.84
0.64
-0.11
0.08
-0.50
0.54
0.32
-0.96
0.74
-0.74
0.24
0.10
0.07
-0.02
-0.35
-0.06
0.17
-0.40
-0.38
1.30
-1.16
0.38
0.38
-0.21
-0.34
0.42
0.31
-0.39
0.02
0.08
-0.28
-0.11
0.11
0.02
-0.23
0.47
-0.99
0.89
0.03
0.21
-0.25
0.02
0.13
-0.24
-0.07
-0.01
0.48
-0.83
0.43
-0.33
0.20
0.00
-0.08
0.13
-0.02
0.12
-0.00
-0.26
0.07
0.28
-0.61
0.56
0.00
0.20
-0.27
0.23
-0.02
0.00
-0.01
-0.01
-0.19
0.04
0.39
-0.76
0.19
-0.05
0.13
0.07
-0.04
0.16
-0.00
-0.45
0.21
0.00
-0.10
0.65
-0.09
0.23
-0.04
0.03
0.05
0.05
-0.15
0.17
-0.06
-0.02
0.04
-0.02
0.04
0.27
-0.35
0.40
-0.17
-0.16
0.30
-0.00
-0.12
0.11
0.13
-0.19
0.68
-0.56
0.09
0.24
0.06
-0.13
0.30
-0.13
0.06
0.29
-0.54
0.45
-0.77
0.73
-0.76
0.49
0.17
-0.14
-0.08
0.02
0.20
0.02
-0.23
0.07
0.12
-0.66
0.24
-0.21
0.18
-0.16
0.22
0.36
-0.49
0.28
0.16
-0.19
0.60
-0.10
-0.36
0.31
-0.25
0.12
0.14
0.17
-0.21
0.11
0.10
-0.17
-0.10
0.45
-0.01
-0.54
0.35
-0.57
0.44
0.44
-0.12
0.13
0.07
-0.16
0.13
-0.21
-0.16
0.55
-0.36
-0.23
0.01
-0.13
0.18
0.19
0.10
-0.01
-0.06
-0.11
0.02
-0.05
0.37
-0.34
0.40
-0.45
0.07
0.17
-0.10
0.10
0.18
-0.17
0.08
-0.22
-0.33
0.82
-0.65
0.06
0.00
-0.32
0.51
-0.07
0.44
0.30
-0.49
0.01
-0.11
-0.09
0.71
-0.81
0.27
-0.11
-0.28
0.58
0.01
0.06
0.24
-0.71
0.42
0.28
-0.91
1.08
-0.74
-0.06
0.12
-0.28
0.54
-0.40
0.09
0.24
-0.23
-0.16
-0.09
-0.22
0.53
-0.43
0.22
-0.41
-0.08
0.05
0.07
0.14
0.17
-0.25
0.05
0.16
-0.45
0.18
0.49
-0.76
-0.13
0.10
0.02
0.22
-0.02
-0.14
-0.00
0.00
-0.01
-0.09
-0.07
0.55
0.16
0.16
0.04
-0.21
0.16
-0.10
0.01
0.16
-0.18
0.09
-0.28
0.17
0.49
-0.10
0.09
0.14
-0.17
-0.29
0.51
0.11
0.06
0.10
-0.16
0.03
-0.66
0.68
-0.25
0.25
0.26
-0.38
0.20
0.04
-0.00
0.22
-0.08
-0.05
0.68
-0.65
0.52
-0.16
0.12
-0.06
0.16
-0.11
0.62
-0.78
0.73
0.73
0.14
-0.52
0.12
-0.44
0.48
-0.21
0.51
-0.41
0.27
0.33
-0.60
0.56
0.30
0.16
-0.53
0.52
-0.80
0.62
-0.27
0.48
-0.69
0.64
-0.08
-0.20
-0.70
0.35
0.30
-0.64
0.61
-0.76
0.35
0.01
0.05
0.18
-0.16
0.18
-0.05
-0.04
-0.05
0.56
-0.77
0.40
-0.49
0.32
0.11
0.17
0.03
-0.08
-0.20
0.05
-0.25
0.33
0.54
-0.76
0.37
-0.66
0.47
-0.03
0.22
-0.23
-0.10
-0.17
0.02
-0.04
0.21
0.19
-0.50
0.52
-0.60
0.33
-0.06
0.06
0.01
0.35
-0.12
0.11
-0.01
-0.54
0.78
0.09
-0.87
0.89
-0.77
0.40
0.09
-0.30
0.14
-0.09
0.16
0.05
-0.45
0.89
-0.55
-0.06
0.31
-0.48
0.26
0.02
0.14
-0.11
0.09
-0.08
-0.12
-0.36
0.72
-0.41
-0.07
0.02
0.01
0.24
-0.65
0.90
-0.38
-0.19
0.71
-0.66
-0.26
0.88
-0.74
0.20
0.59
-0.13
-0.01
0.48
-0.35
0.05
0.37
-0.76
0.06
0.03
0.54
-0.87
