-0.00
-0.01
-0.01
-0.01
-0.01
-0.01
-0.01
-0.01
-0.01
-0.01
-0.02
-0.01
-0.01
-0.01
-0.01
-0.01
-0.01
-0.00
-0.00
-0.01
-0.00
-0.01
-0.01
-0.01
-0.00
-0.00
-0.01
-0.01
-0.00
-0.00
-0.01
-0.02
-0.01
-0.00
-0.00
-0.00
-0.01
-0.01
-0.00
0.00
0.01
-0.01
-0.01
-0.02
-0.01
-0.01
-0.01
-0.01
-0.01
0.00
-0.01
-0.02
-0.01
-0.01
-0.00
-0.01
-0.01
-0.01
-0.01
-0.01
-0.01
-0.01
-0.01
-0.01
-0.01
-0.01
-0.01
-0.00
-0.00
-0.01
-0.01
-0.01
-0.00
-0.01
-0.01
-0.01
-0.01
-0.01
-0.01
-0.01
-0.01
-0.01
-0.01
-0.01
-0.01
-0.01
-0.01
-0.01
-0.00
-0.01
-0.01
-0.01
-0.01
-0.01
-0.01
-0.01
-0.01
-0.01
-0.01
-0.01
-0.00
-0.00
-0.01
-0.00
-0.00
-0.01
-0.01
-0.01
-0.01
-0.01
-0.00
-0.01
-0.01
-0.01
-0.01
-0.01
-0.01
-0.01
-0.01
-0.01
-0.01
-0.01
-0.00
-0.00
-0.00
-0.01
-0.01
-0.01
-0.01
-0.01
-0.01
-0.01
-0.01
-0.01
-0.01
-0.00
-0.00
-0.00
-0.00
-0.01
-0.01
-0.01
-0.00
-0.00
-0.01
-0.01
-0.00
-0.01
-0.01
-0.01
-0.01
-0.00
-0.01
-0.01
-0.02
-0.01
-0.01
-0.00
0.00
-0.01
-0.01
-0.01
-0.01
-0.01
-0.01
-0.01
-0.01
-0.00
-0.01
-0.01
-0.01
-0.01
-0.01
-0.01
-0.01
-0.01
-0.01
-0.01
-0.01
-0.00
-0.00
-0.00
-0.00
-0.01
-0.01
-0.01
-0.01
-0.01
-0.01
-0.01
-0.01
-0.01
-0.01
-0.01
-0.01
-0.00
-0.00
-0.00
-0.00
-0.01
-0.01
-0.01
-0.01
-0.01
-0.01
-0.00
-0.00
-0.01
-0.00
-0.01
-0.01
-0.01
-0.01
-0.00
-0.01
-0.02
-0.01
-0.01
0.01
0.00
-0.01
-0.02
-0.01
-0.03
-0.01
-0.01
-0.01
-0.02
-0.02
-0.02
-0.01
-0.01
-0.01
-0.01
-0.01
-0.02
-0.02
-0.01
-0.00
-0.01
-0.02
-0.02
-0.02
-0.01
-0.01
-0.01
-0.01
-0.01
-0.01
-0.01
-0.01
-0.00
-0.02
-0.01
0.00
-0.02
-0.05
0.08
0.04
0.04
-0.03
0.04
-0.27
-0.14
-0.75
-0.56
0.17
0.33
0.33
1.49
-1.53
0.21
-0.07
0.16
-0.57
0.40
0.74
0.36
-0.28
-0.73
-0.84
0.47
-0.30
1.13
-0.64
0.55
0.31
-0.25
-0.42
0.38
0.87
-0.12
-0.16
-0.33
-0.58
0.29
-0.19
0.25
0.97
-0.50
0.76
-0.18
1.16
-0.25
-0.66
-0.29
0.22
-0.41
0.35
-0.41
0.74
-0.58
-1.02
0.58
0.39
-0.25
0.63
-0.85
-0.21
0.19
0.64
-0.47
0.05
0.36
0.77
-0.93
0.11
-0.12
0.71
-0.40
0.35
-0.52
-0.14
0.08
-0.48
0.66
0.96
0.63
-0.26
4.37
4.37
-0.99
-1.96
0.19
0.55
0.28
-0.63
0.32
0.03
-2.19
0.29
1.65
-1.53
0.30
0.33
-0.54
1.17
-0.01
-0.50
-0.49
-0.12
-1.22
-0.88
1.59
-0.15
-1.35
0.95
-0.96
1.48
-0.50
-0.72
0.25
0.96
-0.76
-0.02
1.84
-1.67
-0.06
0.69
-0.99
0.42
0.53
-0.75
-0.72
-1.59
0.07
0.05
-0.77
0.20
0.28
-0.95
0.95
-1.23
0.62
0.64
0.23
-0.27
1.27
-1.79
-0.58
1.43
-0.44
-0.04
0.41
-1.44
-1.44
-0.41
0.53
-0.19
0.28
0.35
-0.92
-0.47
2.23
-1.57
1.02
-0.29
-1.57
2.54
-1.34
-0.43
0.68
-0.44
-1.15
0.15
-0.00
0.82
-0.23
-0.31
0.63
-2.15
1.77
-1.92
1.50
-0.59
-0.04
0.03
-1.28
-0.56
1.50
-1.03
0.95
0.32
-0.85
1.20
0.42
-0.90
1.33
-0.53
-0.64
-0.25
-0.44
0.36
0.37
0.24
-0.77
-1.07
1.31
-1.14
2.71
-1.55
-0.26
0.21
-0.31
-2.09
0.84
0.46
-0.78
3.29
-1.86
0.14
0.25
-0.26
1.53
-2.74
1.09
1.79
-1.77
-1.20
1.30
-0.18
0.70
0.70
-1.66
0.69
1.91
-1.73
0.68
-0.67
-0.29
-0.88
-0.01
-0.51
0.74
-0.28
0.22
-0.80
0.76
0.83
-1.11
1.23
-0.53
-0.69
-1.05
-2.68
4.25
-3.00
2.70
-1.39
-0.19
2.09
-1.27
-0.79
-1.22
-0.85
0.76
0.95
-0.95
-1.05
0.86
0.38
-0.75
1.26
0.11
-1.28
-0.60
-0.21
-0.48
-1.54
0.43
-0.11
1.30
-1.95
1.06
0.17
-1.03
0.67
-1.26
-1.16
0.74
2.16
0.67
-0.69
0.04
-1.26
0.31
-0.71
-0.30
-0.12
0.71
-0.34
-0.03
-0.17
-0.84
2.05
-1.95
-0.07
0.67
-2.59
1.32
-0.51
-1.54
1.60
1.58
0.35
0.26
-0.13
-0.55
-0.22
-1.67
-0.47
1.37
-1.97
4.17
-1.51
-0.06
0.32
-0.45
-0.78
-0.47
0.04
0.82
-0.18
1.76
-1.34
-1.00
0.84
0.94
-1.50
-0.73
0.69
-1.39
4.95
-2.64
-1.18
-0.35
-1.28
-0.59
-1.41
0.87
-0.08
1.10
1.52
0.21
-2.19
1.00
0.80
0.32
-0.39
-0.39
-0.41
-1.49
0.44
0.38
-0.83
1.18
-0.60
-0.55
-0.19
0.68
-0.43
-1.15
-0.71
1.43
0.19
-0.11
-0.81
-0.67
-0.67
0.22
-0.11
-1.30
-1.53
4.12
-0.27
-1.26
1.94
-0.52
-0.39
-0.70
0.17
-0.65
0.33
1.35
-2.59
0.66
0.62
-1.28
-0.44
0.57
-0.07
-0.66
2.23
0.10
-0.85
0.35
0.55
-0.62
-0.17
0.66
1.19
2.12
-0.69
-1.09
1.45
-0.44
-0.45
-0.60
-0.44
-0.18
-0.25
-0.04
-0.48
0.66
0.94
-0.86
-1.58
0.06
0.34
-0.32
-0.71
0.69
1.73
-1.12
-1.20
-0.20
0.57
-0.54
-0.45
3.88
-2.95
-0.97
1.83
-0.73
0.89
-1.44
-0.64
-1.34
2.41
1.66
-0.94
-1.36
1.14
-0.21
-0.21
-1.62
-0.13
-0.28
-2.57
2.10
-0.46
0.80
-1.14
0.30
0.08
-2.03
2.05
0.55
-3.51
4.00
1.40
-1.12
-1.49
0.93
-1.21
0.94
-1.07
1.09
0.70
-0.79
1.52
-0.40
1.35
-0.29
-0.82
1.25
0.60
-0.16
0.47
-0.57
0.41
-0.76
-1.26
0.14
0.75
-1.26
0.92
-0.77
-1.33
0.78
-0.66
-1.23
1.18
-1.50
1.46
1.67
-0.31
-1.15
-0.78
-0.08
-0.11
0.51
-1.43
2.22
0.60
-1.50
-0.54
3.05
-0.13
0.64
-0.00
-0.09
1.79
-4.18
0.30
1.36
-1.27
-0.83
-0.83
-1.28
-1.33
-1.27
2.67
-1.20
1.33
-0.50
-1.09
0.39
-0.32
-1.23
-1.00
3.54
-0.23
-0.89
-1.75
0.72
0.02
3.10
-0.19
-0.94
-1.88
2.82
0.26
-0.43
-0.98
-0.51
1.28
-1.37
0.88
1.98
-0.40
-0.17
-2.29
-0.30
0.50
-0.98
0.80
-1.12
-2.17
-0.49
-0.14
1.39
-1.19
-2.83
5.17
-0.60
-2.73
1.72
0.90
-0.68
0.26
-0.36
0.57
0.92
0.66
-1.15
-0.56
1.73
-1.22
-1.56
-2.58
-1.21
3.01
-0.27
-1.62
1.43
-2.16
-1.86
2.09
0.93
-0.03
1.28
-1.73
-1.79
0.08
-0.78
-0.78
-1.46
1.12
1.98
-3.19
2.31
1.02
-1.94
-1.05
1.16
1.87
-2.19
-0.15
2.16
-0.94
-1.37
0.53
-0.78
0.17
0.53
0.57
-0.77
0.56
-1.35
-1.81
-0.01
0.45
-0.52
-0.70
1.77
-1.07
1.57
-0.99
-0.31
2.50
-1.80
2.41
0.12
-0.23
0.24
-0.90
1.02
-1.44
0.49
-1.93
0.53
1.78
-1.17
0.26
-0.00
-3.11
-0.50
1.48
0.94
0.86
-1.78
-1.05
-1.66
0.40
-0.42
1.65
1.12
-1.19
0.02
0.63
-2.00
0.98
-1.44
0.61
-2.50
1.88
-0.25
-1.56
-0.57
-0.84
-0.84
0.63
-0.55
0.31
0.41
-1.75
1.52
-0.83
-0.20
-1.33
0.91
-0.59
0.99
2.24
-1.21
-2.42
-0.99
1.98
-1.32
3.24
-0.53
-0.67
-1.95
0.10
1.42
-1.00
1.22
-3.39
3.52
-2.11
1.26
-0.20
-2.48
0.34
0.66
-3.60
1.47
0.24
-2.83
2.31
-1.02
-1.42
-1.34
0.89
2.79
0.23
-2.75
-3.06
0.18
-1.18
0.07
1.43
-0.38
-1.11
-1.74
-0.80
-1.89
0.92
-1.40
1.24
0.22
-0.06
1.63
0.02
0.05
0.42
-1.53
3.57
0.76
-2.53
0.66
1.26
-3.52
2.57
-2.52
-2.52
0.82
1.32
-1.29
-1.29
-1.68
-0.24
-2.29
1.45
-0.52
0.35
1.55
0.41
-1.91
-1.59
0.16
0.95
0.29
-0.55
2.70
-2.33
1.69
0.02
-2.28
-0.19
-0.95
-3.04
0.51
-0.68
-1.44
0.85
-0.07
-1.41
0.80
0.86
-0.69
0.02
-2.74
-0.49
-2.97
0.89
1.76
-1.72
2.38
0.64
-0.33
-4.64
2.27
-0.30
-1.19
-0.82
-0.52
0.90
-3.33
-0.61
0.08
-1.72
2.70
-2.12
2.36
0.08
-1.03
2.17
0.05
-3.68
4.15
2.66
-2.49
1.39
0.47
-0.88
-1.00
-2.53
-1.95
-0.45
0.11
-0.74
-0.70
-0.70
-0.96
-0.25
-0.83
-0.54
0.48
4.59
-2.53
-0.06
-1.92
-0.11
2.02
-2.83
1.93
-1.83
0.92
0.71
-2.43
0.11
-1.73
-3.85
0.99
3.12
-3.45
0.33
-0.54
-0.73
-1.72
1.04
-0.36
0.61
1.04
-1.26
-0.81
-1.72
-0.05
3.09
-2.60
1.32
1.42
-1.97
-0.45
-0.97
0.28
0.76
-1.89
0.61
-0.69
-2.47
0.98
-0.44
-0.97
1.50
0.59
1.56
-0.53
-1.76
-1.35
0.84
-1.03
0.48
1.50
-1.16
0.57
-1.84
-0.37
-0.47
-0.23
0.30
0.23
0.13
-3.57
0.93
-2.11
0.05
-1.21
3.88
1.75
1.75
-1.75
-2.35
-0.46
0.55
1.79
2.19
-0.50
-1.11
1.30
-3.64
-1.75
-0.78
-1.14
0.83
1.05
-0.58
-1.34
-0.16
-1.17
-1.60
1.49
0.35
1.16
1.59
0.19
-0.40
2.29
-3.54
2.13
1.60
-1.67
2.94
-1.94
-2.15
-0.05
-2.30
-0.84
1.66
1.01
-5.34
1.37
-2.56
-0.02
1.39
-0.43
0.16
1.42
0.31
2.04
-1.19
0.69
3.90
-0.86
-0.42
0.91
-1.08
-3.33
0.75
-1.40
-0.56
0.57
-0.55
0.62
4.06
0.76
-1.08
-0.49
-0.23
4.11
3.66
0.40
0.34
2.43
-1.97
2.85
1.70
1.70
-0.58
0.91
-4.73
-2.45
-1.78
-3.41
1.90
-0.49
-0.32
-3.35
0.15
-1.12
0.36
-1.77
1.48
-1.52
1.20
0.72
0.53
-0.98
2.59
1.05
0.95
-0.46
-0.59
-0.25
-1.18
0.18
-1.73
-0.77
2.84
0.02
-1.49
-0.70
-0.99
-0.64
-1.15
1.82
3.55
-2.06
1.00
1.81
-4.26
-1.17
2.72
1.47
0.81
-0.29
0.05
-1.04
-3.42
1.55
-0.46
-1.31
0.34
2.30
0.02
-1.40
-0.04
0.67
-3.10
3.86
4.60
-2.14
0.18
1.28
-3.14
-3.27
1.04
-4.60
0.23
2.08
-3.15
-2.98
2.38
2.38
0.21
-2.55
6.70
1.78
2.95
-0.76
-1.83
-1.98
1.04
0.79
-0.23
1.43
-1.19
0.86
-0.90
0.60
2.76
1.27
-0.04
-2.96
-1.37
-1.10
-0.79
0.71
-2.41
2.14
3.33
-3.45
-1.98
0.60
-2.77
3.13
1.54
0.64
-0.20
-3.01
0.51
1.74
-4.52
1.59
-0.82
1.06
-2.23
-0.25
-0.56
0.40
-0.98
1.61
0.10
0.39
-0.96
-0.13
-0.44
-3.21
-0.48
3.42
-0.31
0.56
-0.98
-3.35
-0.44
-4.96
0.35
-1.32
-1.56
-3.27
1.63
-3.27
1.42
-3.67
1.34
2.53
-2.35
1.71
1.71
0.91
0.63
-1.44
-1.44
2.62
-3.03
1.20
2.02
-2.24
-1.69
-1.67
-2.37
-0.44
-1.41
-4.93
2.91
-1.97
0.81
-0.11
-1.21
1.42
-1.55
1.36
1.24
0.38
0.76
0.50
0.42
0.59
0.70
-3.66
0.18
-2.30
-1.16
1.63
-0.01
1.75
-1.76
-1.02
0.56
-2.56
0.00
2.50
0.11
-2.23
0.72
-1.08
-3.15
-0.34
-0.29
-0.74
2.57
-1.84
-3.64
1.30
-2.76
-2.52
-0.11
-1.33
-0.17
2.60
-3.63
2.95
-2.64
1.55
0.93
-0.85
0.80
1.50
-2.19
-0.77
-1.80
0.72
-0.15
1.51
-1.45
-2.54
-0.10
0.42
-0.17
-0.24
0.75
0.75
1.33
0.32
-1.05
1.13
0.24
0.56
1.40
2.18
1.16
-2.43
-1.57
-0.23
-2.84
0.15
1.08
-3.53
-0.83
1.19
0.16
-2.03
0.31
1.78
1.94
-0.86
2.14
-0.66
2.75
0.55
-1.23
3.19
0.18
-1.48
-0.85
-1.36
-1.42
0.09
0.00
0.47
0.10
-3.01
0.82
-1.27
0.15
0.05
3.24
-1.78
-0.25
6.20
-0.72
-1.85
0.65
0.65
1.32
-0.73
-2.69
0.34
-0.73
-1.46
1.10
-1.82
2.67
4.23
0.59
-1.00
1.53
-0.98
-0.02
0.53
-0.11
-0.18
-0.18
0.89
-5.20
0.92
