-0.01
-0.00
-0.01
-0.01
-0.00
-0.00
-0.01
-0.01
-0.01
-0.00
-0.00
-0.00
-0.00
-0.00
-0.00
-0.01
-0.01
-0.01
-0.01
-0.00
-0.01
-0.00
-0.00
-0.00
-0.01
-0.00
-0.00
-0.01
-0.00
-0.00
-0.00
-0.00
-0.00
-0.01
-0.01
-0.00
-0.00
-0.01
-0.01
-0.01
-0.01
-0.01
-0.01
-0.01
-0.00
-0.01
-0.01
-0.01
-0.01
-0.00
-0.00
-0.01
-0.01
-0.01
-0.01
-0.00
0.00
-0.00
-0.00
-0.01
-0.01
-0.00
0.00
-0.00
-0.00
-0.00
-0.00
-0.00
-0.01
-0.01
-0.01
-0.01
-0.01
-0.01
-0.01
-0.01
-0.01
-0.00
-0.00
-0.00
-0.01
-0.01
-0.01
-0.02
-0.00
-0.01
-0.01
-0.00
-0.00
-0.01
-0.01
-0.01
-0.01
-0.00
-0.00
-0.00
-0.01
0.00
0.00
-0.00
-0.01
-0.00
-0.01
-0.01
-0.01
-0.01
-0.00
-0.00
-0.01
-0.01
-0.01
-0.01
-0.01
-0.01
-0.01
-0.01
-0.01
-0.01
-0.01
-0.01
-0.01
-0.00
0.00
0.00
0.00
0.01
-0.00
-0.01
-0.01
0.00
-0.00
-0.01
-0.01
-0.01
-0.01
-0.00
-0.00
-0.00
-0.00
0.00
-0.00
-0.00
-0.00
-0.00
-0.01
-0.00
-0.01
-0.01
-0.01
-0.01
-0.01
-0.00
-0.01
-0.01
-0.01
-0.01
-0.01
-0.00
-0.00
-0.01
-0.01
-0.00
0.00
-0.00
-0.00
-0.00
-0.00
-0.00
-0.01
-0.01
-0.01
-0.00
0.00
-0.00
-0.00
-0.01
-0.01
-0.01
-0.00
-0.01
-0.01
-0.00
-0.01
-0.01
-0.01
-0.01
-0.01
-0.01
-0.01
-0.01
-0.01
-0.01
-0.01
-0.00
-0.00
-0.01
-0.01
-0.01
-0.00
-0.00
-0.00
-0.00
-0.01
-0.01
-0.01
-0.01
-0.00
-0.00
-0.00
-0.01
-0.01
-0.01
-0.00
-0.00
-0.00
0.00
-0.00
-0.01
-0.01
-0.02
0.00
-0.02
-0.02
-0.02
-0.02
0.00
0.00
-0.00
0.00
0.00
-0.00
0.00
-0.01
-0.01
-0.01
-0.01
-0.01
-0.02
-0.02
-0.01
-0.00
-0.00
-0.00
0.00
-0.00
-0.01
-0.01
-0.01
-0.02
-0.01
-0.01
-0.01
0.00
-0.00
0.00
0.00
-0.00
-0.01
-0.01
-0.01
-0.01
-0.01
-0.01
-0.00
-0.01
-0.01
-0.00
-0.01
-0.00
-0.01
-0.00
-0.00
-0.00
-0.00
-0.01
-0.01
-0.01
-0.00
-0.00
0.00
-0.00
-0.01
-0.01
-0.01
-0.01
-0.01
-0.01
-0.01
-0.01
-0.01
-0.01
-0.01
-0.01
-0.01
-0.01
-0.01
-0.01
-0.01
-0.01
-0.01
-0.01
-0.01
-0.01
-0.01
0.00
-0.01
-0.01
-0.00
-0.02
-0.01
-0.01
-0.02
-0.00
0.02
-0.02
0.02
-0.06
0.11
0.17
-0.26
0.08
0.08
0.02
-0.15
0.29
-1.00
-0.70
0.47
0.18
-1.45
-0.63
-0.13
-0.14
1.29
0.98
1.61
-0.39
1.14
-1.82
-1.18
-0.73
-2.19
-1.00
-0.79
-1.18
-0.16
-0.20
-0.22
0.32
0.64
0.98
1.11
-0.01
0.48
0.61
0.37
0.56
0.01
-0.34
-0.27
-0.42
-0.34
0.13
0.51
0.14
-0.12
-0.29
-0.10
-0.24
0.53
-0.08
-0.03
0.31
0.48
0.05
0.24
0.44
-0.65
-0.28
-0.79
-0.59
-0.73
-0.28
-0.75
0.48
0.39
0.46
0.13
0.47
0.52
-0.39
-0.57
-0.44
0.22
-0.59
-0.41
0.37
0.19
0.32
0.30
-0.09
0.50
0.67
0.67
-0.36
-0.58
-0.15
0.14
0.19
0.13
0.53
0.15
0.13
0.14
-0.06
0.31
0.48
-0.60
-0.68
-0.53
0.10
0.22
0.13
-0.04
0.00
0.53
-0.02
-0.10
0.41
-0.01
-0.60
-0.74
-0.05
0.02
0.57
0.28
0.36
0.35
0.23
-0.04
-0.25
0.59
0.32
-0.51
0.08
-0.15
0.04
0.13
0.19
-0.21
-0.21
0.57
-0.15
-0.20
0.59
-0.02
-0.31
-0.28
0.15
0.12
0.15
0.32
0.10
0.56
0.21
-0.34
0.34
0.46
0.11
-0.21
0.21
-0.26
0.62
0.39
0.05
0.68
0.10
0.09
0.01
-0.15
-0.97
-0.64
0.03
-0.51
0.30
0.03
0.25
0.40
0.33
0.38
0.36
0.29
-0.56
-1.35
0.00
-0.01
-0.49
0.20
-0.28
0.38
0.12
0.18
0.47
-0.10
-0.24
-0.53
-0.76
-0.30
-0.42
-0.27
0.40
-0.18
0.22
0.41
0.23
0.23
0.51
-0.46
-0.18
-0.77
-0.41
-0.04
-0.52
0.28
-0.42
0.36
0.24
0.28
0.24
0.48
-0.35
-0.15
-0.96
-0.32
-0.36
-0.85
0.16
-0.14
0.11
-0.06
-0.15
0.40
0.51
0.24
-0.43
-0.79
-0.15
-0.35
-0.64
0.03
-0.53
0.04
0.77
-0.05
0.45
0.92
0.92
-0.65
-0.03
-0.72
-0.43
-0.35
-0.57
-0.20
0.15
0.61
0.18
0.15
0.35
0.57
-0.31
-0.28
-0.52
0.05
-0.04
-0.07
0.04
-0.05
0.22
0.40
-0.39
0.03
0.66
-0.66
-0.44
-0.76
0.14
-0.17
0.33
-0.05
0.32
0.17
0.04
-0.01
0.02
0.29
-0.39
-0.46
-0.75
-0.01
0.36
0.25
0.36
0.33
0.41
0.22
0.03
0.10
0.48
-0.55
-0.75
-0.85
-0.24
0.18
0.06
0.26
0.31
-0.10
0.34
0.48
0.02
0.38
0.05
-0.67
-0.33
-0.33
-0.57
0.09
0.22
0.04
-0.40
0.10
0.39
-0.21
0.13
0.39
-0.66
0.27
0.48
-0.15
0.15
0.42
0.30
0.07
0.06
0.00
-0.28
0.08
0.25
-0.19
0.19
0.11
-0.21
0.76
-0.06
0.24
0.48
-0.25
0.30
-0.30
-0.39
-0.38
-0.33
0.11
0.03
0.14
0.47
0.47
0.68
0.09
0.16
0.53
-0.70
-0.92
-0.02
-0.27
-0.56
-0.01
0.41
-0.03
0.29
0.33
0.23
0.27
-0.57
-0.73
-0.34
0.27
-0.63
0.30
0.57
0.21
0.15
0.20
0.44
-0.00
0.62
-0.31
-0.31
-0.45
-0.75
0.36
-0.00
-0.05
0.25
-0.09
-0.05
-0.26
-0.04
0.06
0.58
-0.19
-0.42
-0.33
0.13
-0.26
0.08
0.10
0.01
0.29
-0.02
-0.30
-0.25
0.28
-0.64
-0.61
-0.84
0.21
-0.19
0.18
0.12
0.10
0.40
-0.01
-0.14
0.16
0.33
-0.57
-0.55
-0.55
0.09
-0.28
0.12
0.08
0.04
0.36
0.13
-0.27
0.14
0.23
-0.53
-0.52
-0.44
0.06
-0.60
0.60
-0.19
-0.01
0.09
-0.17
-0.24
0.33
0.32
-0.45
-0.23
0.11
-0.21
-0.09
0.07
0.35
-0.16
0.16
-0.05
-0.05
-0.27
0.27
0.42
-0.74
-0.14
-0.45
0.24
0.27
-0.28
0.56
0.16
0.37
0.21
-0.07
0.25
0.43
-0.62
-0.63
-0.14
0.14
0.14
0.35
0.14
0.22
0.15
-0.01
-0.12
0.39
0.41
-0.81
0.50
-0.30
0.15
0.40
0.21
0.09
0.26
0.14
-0.36
0.17
0.48
-0.19
-0.30
0.29
-0.19
0.15
0.43
0.29
0.08
0.16
0.50
-0.05
-0.21
0.79
-0.14
-0.65
0.22
-0.46
0.10
0.33
-0.19
0.32
0.39
0.02
0.16
0.33
0.69
-0.30
-0.29
0.28
-0.32
-0.24
-0.01
0.18
-0.19
0.05
0.09
-0.13
-0.23
-0.73
-0.08
-0.01
-0.28
0.12
0.25
0.56
0.19
0.32
0.03
0.39
-0.62
-0.54
-0.92
0.07
-0.15
-0.01
0.10
0.05
0.02
0.38
0.39
0.35
0.27
-0.69
-0.60
-0.70
-0.19
-0.74
0.32
0.12
0.14
0.57
0.30
0.58
0.04
0.03
-0.32
-0.87
-0.68
-0.40
-0.68
-0.13
-0.26
0.07
0.37
0.24
0.12
0.59
0.67
-0.36
-0.23
-0.35
-0.33
-0.39
-0.36
-1.00
-0.08
-0.14
0.79
0.40
0.39
0.85
-0.48
-0.24
-0.95
-0.17
-0.67
-0.19
-0.05
-0.29
0.40
0.01
-0.24
0.67
0.45
-0.50
-0.23
-0.26
-0.26
0.10
-0.13
0.15
-0.23
-0.07
0.28
-0.06
-0.13
0.06
0.20
-0.46
-0.30
-0.56
-0.22
0.03
0.38
0.16
0.16
0.33
0.07
-0.05
0.00
0.62
-0.38
-0.48
-0.72
-0.26
0.16
0.18
0.06
0.22
0.19
0.04
-0.04
0.21
0.48
-0.42
-0.32
-0.53
-0.15
-0.02
0.10
0.08
0.20
0.36
0.07
-0.04
0.28
0.59
-0.53
-0.63
-0.29
-0.18
0.38
-0.00
0.18
0.27
0.34
0.13
-0.13
0.29
0.54
-0.50
0.03
-0.20
-0.38
0.45
-0.10
0.25
0.18
0.27
0.00
0.00
0.11
0.20
-0.27
-0.31
0.19
-0.41
0.19
0.61
-0.25
0.37
0.17
0.25
0.33
-0.19
-0.65
0.04
-0.61
0.19
-0.16
0.07
0.19
0.26
0.27
-0.18
0.19
0.01
-0.63
-0.27
0.37
-0.23
0.06
-0.12
0.03
0.45
0.10
0.20
0.10
0.12
-0.47
-1.05
-0.49
0.22
-0.23
0.48
0.09
0.18
0.56
0.30
0.34
0.05
0.25
-0.66
-0.68
-0.55
0.32
-0.32
0.54
-0.04
-0.32
0.19
0.82
0.31
0.19
-0.09
-0.37
-0.88
-0.37
-0.18
-0.81
0.19
-0.03
-0.03
-0.16
-0.04
-0.01
0.20
0.72
0.27
-0.58
-0.54
0.26
0.10
-0.24
-0.06
-0.34
0.14
0.09
-0.16
-0.07
0.28
0.12
-0.67
-0.28
-0.13
-0.35
-0.25
0.13
-0.26
0.36
0.33
-0.13
0.66
0.18
0.55
-1.03
-0.45
-0.58
-0.07
-0.42
0.14
0.94
-0.23
0.65
0.31
0.05
0.45
-0.29
-0.69
-0.39
-0.16
-0.76
0.12
0.32
0.36
-0.08
0.46
0.24
-0.20
0.44
0.25
-0.42
-0.73
-0.09
0.20
0.00
-0.19
0.24
0.00
-0.15
-0.05
-0.46
0.20
-0.09
-0.54
-0.67
0.28
0.26
0.33
0.21
-0.10
-0.10
0.07
-0.03
-0.25
-0.19
0.28
0.02
-0.72
0.42
-0.05
0.21
0.29
0.10
0.04
0.25
0.43
-0.31
0.07
0.57
-0.76
-0.18
0.27
-0.49
0.67
0.23
-0.17
0.19
0.32
0.08
-0.07
0.48
0.41
-0.36
-0.14
0.16
0.32
0.27
0.34
0.31
0.26
0.18
0.28
-0.16
0.09
-0.03
-0.63
0.01
0.05
-0.26
0.32
0.21
0.14
0.41
0.17
0.01
0.05
-0.28
-0.57
-0.50
0.22
-0.32
0.16
0.12
0.15
0.72
0.13
0.60
0.41
-0.42
-0.86
-0.11
-1.32
0.28
0.28
-0.48
-0.33
0.48
-0.30
-0.26
0.71
0.77
-0.11
-0.58
-0.30
-0.06
-0.34
0.02
-0.13
-0.26
0.10
0.03
0.14
0.13
0.59
-0.31
-0.50
-0.58
0.37
-0.60
0.05
0.13
-0.54
0.06
-0.37
0.05
0.34
0.81
-0.03
-0.20
-0.22
0.25
0.27
-0.07
0.06
0.13
-0.09
-0.05
-0.35
0.06
0.31
-0.48
-0.77
-0.29
0.26
-0.64
0.37
0.18
0.05
0.22
-0.19
-0.40
0.08
0.35
-1.02
-0.12
-0.13
-0.09
-0.16
0.43
-0.11
0.26
0.24
0.05
-0.14
0.52
0.20
-0.62
-0.14
-0.55
-0.04
-0.47
-0.47
0.16
0.07
0.16
0.11
0.20
-0.06
0.34
0.61
-0.67
-0.04
-0.35
-0.12
0.08
0.55
-0.07
0.28
0.12
-0.16
-0.01
0.19
0.19
-0.63
-0.27
-0.28
-0.41
0.32
0.43
0.12
0.12
0.34
0.26
-0.07
0.17
0.41
-0.50
-0.54
0.00
0.04
-0.27
0.40
0.19
0.13
0.58
-0.02
-0.21
0.55
0.27
-0.42
-0.14
-0.15
0.04
0.30
0.24
0.23
0.21
0.11
0.12
-0.13
0.35
0.18
-0.45
0.16
-0.17
-0.03
0.26
0.35
0.16
0.16
0.43
0.01
-0.03
0.80
-0.09
-0.39
-0.43
0.22
-0.41
0.25
0.09
0.33
0.57
0.07
0.41
0.02
-0.72
0.02
-0.50
-0.04
-0.06
-0.08
0.49
0.02
0.33
0.12
0.32
0.35
-0.45
-0.78
0.24
-0.83
-0.44
0.13
-1.00
0.54
0.48
-0.15
1.06
0.09
-0.05
-0.59
-0.27
-0.67
-0.52
-0.09
-0.28
-0.27
0.20
-0.03
0.17
0.24
0.57
0.20
-0.58
-0.31
0.31
-0.34
-0.36
0.54
-0.47
-0.43
0.28
0.10
0.19
0.30
-0.41
-0.25
-1.06
0.07
0.02
-0.14
0.14
0.15
0.41
-0.17
0.24
-0.09
0.42
-0.39
-0.39
-0.64
-0.94
0.12
-0.35
-0.15
0.16
-0.07
0.13
0.24
0.08
0.15
0.64
-0.63
-0.64
-0.45
0.08
-0.39
0.03
-0.08
0.08
0.71
0.20
-0.19
0.61
0.61
-0.68
-0.33
-0.72
-0.06
-0.27
0.09
-0.11
0.14
0.33
0.25
-0.00
0.34
0.23
-0.56
-0.28
-0.57
-0.53
-0.42
0.53
0.38
0.10
0.69
-0.44
0.32
0.17
0.23
-0.56
-0.37
-0.56
0.14
0.29
0.47
0.19
0.30
0.52
0.18
0.12
0.58
0.14
-0.42
-0.35
-0.90
0.09
0.21
0.16
-0.06
0.46
0.50
0.37
0.20
0.58
0.38
0.38
-0.34
-0.02
-0.54
-0.05
-0.27
0.71
0.54
-0.35
0.61
0.70
-0.13
0.36
0.44
-0.54
-0.22
-0.25
-0.02
-0.04
0.23
0.13
0.20
0.50
0.16
-0.04
0.35
0.47
-0.45
0.08
0.17
-0.51
0.05
0.13
-0.22
-0.06
0.37
-0.01
-0.25
-0.44
-0.05
-0.30
0.24
0.07
0.09
0.33
0.51
0.14
0.07
0.24
-0.13
-0.44
0.01
-0.32
0.23
-0.02
0.12
0.01
0.04
0.53
-0.31
0.41
-0.09
-0.31
-0.68
-0.08
0.12
-0.81
0.95
0.95
-0.12
0.06
0.27
0.04
0.02
0.63
-0.22
-0.07
-0.64
0.02
0.34
-0.24
0.17
-0.11
0.57
-0.73
0.52
-0.46
0.60
-0.33
-0.50
-0.61
-0.25
0.05
0.14
0.34
-0.17
0.51
0.26
0.14
-0.55
0.49
-0.15
-0.71
-1.25
-0.16
0.36
-0.12
0.40
-0.04
0.24
0.03
0.38
-0.38
0.27
0.24
-0.86
-0.50
-0.38
-0.13
-0.19
-0.19
0.29
0.12
0.08
-0.00
-0.12
0.20
-0.07
-0.40
-0.88
-0.40
-0.09
-0.45
0.21
0.39
0.37
0.19
-0.09
-0.24
0.44
-0.11
-0.89
-0.47
0.01
-0.44
-0.08
0.33
0.33
0.25
0.29
0.37
0.01
0.01
0.54
-0.26
-0.51
-0.35
-0.66
-0.29
0.21
0.39
-0.04
0.39
0.29
0.20
-0.01
0.70
0.24
-0.57
-0.15
0.06
-0.11
0.25
0.17
0.39
0.17
0.14
0.21
-0.16
0.47
-0.27
-0.59
0.18
0.09
-0.21
0.08
0.38
0.34
0.25
0.03
0.01
0.21
0.28
-0.32
-0.21
0.27
-0.12
0.28
-0.12
0.36
0.65
-0.22
0.30
0.12
-0.11
0.62
-0.11
0.29
-0.29
-0.13
0.33
0.41
0.12
-0.13
0.24
0.43
-0.10
-0.15
0.38
-0.11
-0.19
-0.00
-0.15
-0.09
-0.09
0.06
0.13
-0.09
0.25
0.20
-0.45
-0.51
0.26
-0.44
0.27
0.31
-0.41
0.16
0.27
0.17
-0.33
0.07
-0.35
-0.16
-0.09
-0.02
-0.49
0.43
-0.03
-0.24
0.36
-0.01
-0.18
-0.29
0.70
-0.62
-0.03
-0.20
0.22
-0.06
0.18
0.15
-0.03
0.22
0.26
-0.02
-0.32
0.59
-0.62
-0.62
-0.27
0.32
-0.46
0.54
0.20
0.02
0.10
0.09
-0.42
0.49
-0.18
-0.72
-0.04
-0.51
-0.07
-0.01
0.04
0.04
0.03
0.41
-0.16
-0.16
0.50
-0.01
-0.65
-0.69
-0.60
0.06
-0.49
-0.49
0.04
-0.23
0.47
0.63
0.16
0.08
0.65
0.09
-0.99
-0.73
-0.64
-0.29
-0.85
0.04
0.46
0.41
0.09
0.08
0.05
0.87
0.13
-0.44
-0.60
-0.05
0.12
-0.52
-0.16
-0.16
0.27
0.30
0.01
-0.08
0.55
-0.20
-0.17
-0.66
-0.75
0.11
-0.03
0.77
0.07
-0.00
0.77
-0.47
-0.14
0.56
-0.12
-0.91
-0.35
-0.45
0.25
0.21
0.37
0.47
0.09
0.51
-0.05
-0.05
0.37
-0.32
-0.63
-0.49
0.42
0.46
0.43
0.14
-0.00
-0.01
-0.02
0.03
-0.14
-0.14
0.33
-0.06
0.17
-0.34
-0.21
0.66
0.05
-0.05
0.40
0.29
0.32
-0.04
-0.19
0.57
-0.11
-0.28
0.09
-0.15
0.40
0.21
0.26
0.36
0.48
0.30
-0.02
-0.03
0.11
-0.32
-0.22
0.29
-0.60
0.14
0.20
0.14
-0.06
0.29
0.26
-0.15
-0.61
-0.01
-0.44
-0.02
0.58
-0.09
0.22
0.20
0.49
-0.08
0.44
0.03
-0.47
-0.62
0.36
-0.92
-0.11
0.43
-0.46
0.25
0.31
0.14
0.40
0.41
-0.76
-0.19
-0.76
-0.23
-0.65
-0.11
-0.12
-0.12
-0.37
0.40
0.24
0.23
-0.08
1.02
-0.48
-0.30
-0.06
0.03
-0.16
0.23
-1.10
0.07
-0.06
-0.31
-0.17
0.19
0.45
-0.42
-0.33
-0.60
0.09
-0.16
0.32
0.14
0.00
0.48
-0.14
-0.18
0.07
0.31
-0.60
-0.32
-1.23
-0.02
-0.46
-0.03
0.61
-0.19
0.06
0.27
0.22
0.21
0.51
-0.05
-0.93
-0.85
-0.50
-0.60
-0.23
0.48
0.38
0.28
0.08
-0.20
0.08
0.67
-0.43
-0.67
-0.33
-0.16
-0.69
-0.04
0.21
0.12
0.60
-0.18
0.13
0.39
0.13
0.08
-0.53
-0.39
0.20
-0.54
0.08
-0.03
-0.09
-0.09
0.06
0.14
0.03
0.32
0.93
-0.22
-0.09
-0.08
-0.13
0.11
0.33
-0.37
-0.03
0.02
0.37
0.14
0.05
0.53
-0.16
-0.11
0.01
-0.41
-0.30
-0.07
-0.03
-0.01
0.01
0.28
0.06
0.40
0.84
0.01
-0.14
0.10
0.08
0.21
-0.26
0.11
-0.25
-0.02
0.07
-0.56
0.29
0.30
-0.25
0.15
0.18
-0.07
-0.13
0.06
-0.02
-0.20
0.23
0.04
-0.26
0.17
0.16
-0.29
0.36
0.00
-0.18
0.54
0.22
-0.00
0.16
0.19
-0.15
-0.28
-0.10
-0.62
0.04
-0.26
-0.22
0.50
-0.33
0.39
0.31
-0.29
0.54
0.19
-0.53
-0.27
-0.09
0.04
-0.51
0.61
-0.24
-0.26
0.41
0.21
-0.14
0.24
0.35
-1.01
-0.11
0.20
-0.23
-0.60
0.53
-0.07
0.26
0.45
-0.22
-0.11
0.15
0.50
-0.30
-0.66
-0.51
0.09
-0.48
0.06
0.14
0.20
0.39
0.12
-0.28
0.37
0.13
-0.35
-0.50
-0.34
0.15
-0.42
0.37
-0.01
0.30
0.40
-0.24
-0.05
0.40
0.32
-0.61
-0.45
-0.00
0.07
-0.46
0.07
0.06
-0.03
0.21
-0.08
-0.07
0.48
-0.01
-0.01
-0.45
-0.59
0.06
-0.15
-0.47
0.58
-0.07
0.13
0.35
-0.30
0.07
0.48
-0.06
-0.44
-0.37
-0.20
-0.48
-0.26
0.36
0.15
0.27
0.43
-0.06
-0.06
0.82
-0.09
-0.45
-0.30
-0.31
-0.36
0.14
0.23
0.24
0.04
0.37
-0.07
0.04
0.70
-0.51
-0.40
-0.20
0.00
-0.07
-0.13
0.82
0.18
-0.62
1.01
-0.16
-0.41
0.52
-0.60
-0.84
-0.69
-0.14
0.08
0.33
0.45
0.73
0.53
0.42
0.35
0.47
0.59
-0.44
-0.74
-0.21
-0.27
0.02
0.18
0.26
0.26
0.19
0.47
0.14
0.28
0.44
0.67
-0.84
-0.37
-0.11
-0.23
0.26
0.36
0.21
0.58
0.38
0.29
0.04
0.25
0.05
-0.65
-0.22
-0.06
-0.09
0.29
0.36
0.36
0.57
0.37
0.39
0.30
-0.67
-0.76
-0.55
0.46
-0.45
0.08
-0.60
0.55
0.16
-0.05
0.21
0.30
-0.26
-0.37
0.58
-1.01
0.04
0.09
-0.77
0.23
0.61
-0.20
0.39
0.49
-0.34
-0.69
-0.93
-0.13
-0.54
-0.16
-0.27
-0.24
0.75
0.11
-0.22
0.60
0.49
-0.25
-0.68
-0.33
0.46
-0.43
-0.27
-0.16
-0.17
0.12
0.12
-0.07
0.14
0.47
0.08
-0.42
-0.18
-0.74
-0.28
-0.16
0.04
0.17
0.08
0.12
-0.21
-0.17
0.19
0.24
-0.60
-0.61
-0.13
-0.24
-0.19
0.21
-0.31
-0.01
0.29
0.39
-0.39
0.65
0.24
-0.49
-0.17
-0.58
0.00
-0.38
-0.07
-0.18
0.23
0.49
-0.23
0.04
0.51
0.41
-0.52
-0.32
-0.37
-0.05
-0.05
0.23
0.17
0.26
0.15
-0.21
-0.31
0.05
0.26
-0.78
-0.15
-0.28
-0.30
0.10
0.25
0.21
0.06
0.15
0.23
0.05
-0.18
0.21
-0.36
-0.52
-0.65
0.00
0.36
0.39
0.25
0.19
0.31
0.13
0.13
0.19
0.14
0.01
0.07
-0.61
-0.17
-0.41
0.03
0.29
-0.05
0.01
0.37
0.09
-0.06
0.54
0.31
-0.41
0.34
-0.10
0.20
0.59
0.15
0.17
0.10
-0.05
-0.40
-0.18
0.41
-0.53
-0.38
0.72
-0.26
0.26
0.51
-0.07
0.30
0.13
-0.19
0.22
-0.44
0.14
-0.07
-0.12
0.25
0.19
0.12
0.24
0.31
0.07
0.17
0.14
-0.25
-0.16
-0.02
-0.15
-0.45
0.28
0.22
0.02
-0.18
0.29
0.20
0.23
0.22
-0.04
-0.63
-0.49
-0.35
-0.43
0.28
0.01
0.09
0.39
0.20
0.20
0.33
0.37
0.02
-0.46
-0.92
0.17
0.19
-0.26
0.06
-0.10
0.36
0.16
0.17
0.01
0.47
0.22
-0.71
-0.40
0.13
-0.08
-0.04
0.05
-0.01
-0.15
0.07
0.34
-0.11
0.41
0.22
-0.57
-0.88
0.10
-0.30
-0.13
0.15
0.08
0.45
0.01
-0.24
-0.12
0.04
-0.06
-0.26
-0.81
0.37
-0.47
0.03
0.45
-0.40
0.51
0.16
-0.40
-0.14
0.58
0.41
-0.59
-1.03
-0.12
-0.04
-0.42
0.32
-0.06
0.27
0.46
-0.14
0.13
0.58
-0.26
-0.74
-0.60
-0.60
-0.35
-0.77
-0.04
0.59
0.34
-0.02
0.58
-0.24
-0.14
0.91
-0.43
-0.38
-0.59
-0.09
0.02
0.53
0.37
-0.29
0.17
0.29
-0.51
0.02
0.44
-0.57
-0.78
-0.42
0.02
0.44
0.40
0.10
0.02
0.16
0.01
-0.10
0.11
0.22
-0.42
-0.72
-0.41
-0.40
0.19
0.39
0.47
-0.45
0.29
0.31
-0.30
0.43
0.21
-0.64
-0.38
0.28
0.18
0.12
0.63
0.36
0.21
0.07
0.05
-0.08
0.00
0.31
-0.55
0.52
-0.18
0.16
0.54
0.16
0.44
0.33
0.44
0.44
0.14
-0.12
0.17
-0.25
-0.47
-0.12
0.10
-0.25
0.25
0.29
0.21
0.18
0.34
0.09
0.08
-0.01
-0.32
-0.29
0.52
-0.05
-0.11
-0.30
0.38
0.22
-0.38
0.67
-0.50
-0.41
-0.22
0.07
-0.40
0.09
0.17
-0.08
-0.19
0.60
0.41
0.04
0.34
-0.65
-0.66
-0.28
0.27
-0.45
0.13
0.08
-0.01
0.37
0.22
0.13
0.20
0.21
-0.79
-0.24
-0.31
-0.06
-0.05
-0.05
-0.64
0.06
0.59
-0.19
-0.18
0.52
0.40
-0.62
-0.37
-0.06
-0.08
-0.18
0.16
-0.32
0.46
0.40
-0.34
-0.08
0.50
0.50
0.07
-0.45
-0.42
-0.64
0.18
-0.49
0.36
0.09
-0.02
0.07
-0.05
-0.18
0.42
0.33
-0.82
-0.03
-0.52
-0.01
-0.22
0.22
-0.16
0.06
0.16
-0.01
-0.36
0.61
0.21
-1.10
-0.16
-0.16
-0.20
0.12
0.41
-0.13
-0.10
0.44
-0.33
-0.39
0.43
-0.31
-0.35
-0.41
-0.04
-0.18
-0.48
0.02
0.07
0.06
0.20
-0.03
-0.37
0.33
0.04
-0.56
-0.48
0.01
0.26
-0.08
0.13
-0.07
0.22
0.16
-0.13
-0.10
0.30
-0.25
-0.23
-0.51
0.00
-0.22
0.41
0.46
-0.06
0.15
0.26
0.03
-0.32
0.54
0.19
-0.65
-0.65
0.38
-0.06
0.19
0.55
0.22
0.26
0.07
-0.08
-0.23
-0.08
0.49
-0.54
0.28
-0.30
-0.09
0.43
-0.11
0.30
0.43
0.06
0.56
-0.00
0.10
0.96
-0.19
0.06
-0.33
-0.33
0.22
0.24
0.15
0.21
0.42
0.13
0.19
0.20
-0.18
-0.21
0.09
0.04
-0.57
0.09
0.26
-0.09
0.07
-0.11
0.35
-0.29
-0.11
0.33
-0.14
0.16
0.18
-0.08
-0.21
0.21
0.26
-0.42
0.37
0.32
-0.68
-0.55
0.10
-0.17
0.01
0.14
0.09
0.35
0.15
0.01
0.32
0.73
0.56
-0.33
-0.70
-0.67
-0.18
-0.07
0.11
-0.25
-0.12
0.22
0.21
0.13
0.25
0.59
-0.30
-0.56
-0.57
0.11
-0.12
-0.08
-0.05
-0.21
0.13
-0.05
-0.21
0.53
0.38
-0.59
-0.27
-0.05
-0.05
-0.45
0.57
-0.27
0.17
0.30
0.02
-0.69
0.89
-0.40
-0.43
0.06
-1.05
0.47
-0.50
0.26
0.32
0.07
0.12
0.02
-0.02
0.03
0.45
-0.62
-0.48
0.04
-0.44
-0.46
0.46
-0.36
0.58
0.00
0.09
0.05
-0.21
0.48
-0.98
-0.51
-0.52
-0.33
-0.06
0.39
0.62
0.34
0.31
0.33
0.32
0.32
-0.03
-0.01
-0.60
-0.69
-0.75
-0.35
0.15
0.31
0.16
0.23
0.34
0.16
-0.09
0.48
0.75
-0.28
-0.33
-0.12
-0.08
0.15
0.16
-0.25
0.55
0.11
-0.30
0.03
0.22
0.09
-0.00
-0.34
-0.36
0.15
-0.00
-0.05
0.35
0.22
0.28
0.36
-0.01
0.19
0.40
-0.50
0.36
0.05
0.02
0.07
-0.07
0.29
0.19
0.11
0.09
-0.18
0.56
0.09
-0.41
0.37
-0.07
0.23
0.26
0.29
0.16
0.21
0.12
-0.02
-0.06
0.12
-0.11
-0.35
0.27
0.27
-0.13
-0.18
0.09
0.07
0.05
0.05
0.36
-0.19
-0.10
-0.38
-0.02
-0.21
0.19
0.07
0.24
0.29
0.34
-0.44
0.26
0.14
-0.32
-0.46
-0.44
-0.07
-0.32
-0.07
0.11
0.24
-0.05
0.29
0.80
-0.22
0.07
-0.59
-0.71
-0.45
0.09
-0.64
0.09
0.05
-0.02
0.18
0.38
-0.02
0.69
0.23
-0.37
-0.68
0.69
0.20
0.00
0.23
-0.48
-0.40
-0.08
-0.05
-0.05
0.56
-0.28
-0.50
-0.55
-0.01
-0.15
0.03
0.32
0.21
0.46
0.44
-0.12
-0.25
0.32
-0.71
-0.49
-1.01
-1.01
0.03
-0.55
-0.36
0.66
-0.38
0.70
0.17
0.27
-0.08
0.57
-0.22
-0.91
-0.22
-0.93
-0.46
0.16
-0.33
0.16
0.40
0.34
0.24
0.20
0.79
0.28
-0.48
-0.16
0.22
-0.69
-0.24
-0.05
0.08
-0.03
0.38
-0.34
0.23
0.71
-0.31
-0.29
-0.42
-0.08
-0.20
0.33
0.06
-0.32
0.10
0.02
0.28
-0.44
0.35
-0.21
-0.56
-0.72
0.08
0.37
0.42
-0.01
0.30
0.19
-0.05
-0.14
0.03
0.31
-0.34
-0.88
-0.93
-0.39
0.07
0.83
0.52
0.01
0.38
0.46
-0.06
-0.01
0.66
0.66
-0.62
-0.06
0.20
-0.19
0.29
0.30
0.11
0.27
0.40
0.19
-0.08
0.25
0.50
-0.52
0.30
0.30
0.08
0.10
0.22
0.09
-0.12
0.36
-0.31
-0.20
0.49
0.21
-0.50
0.04
0.21
-0.23
0.32
0.47
0.07
0.16
0.07
0.18
-0.26
-0.39
-0.24
-0.13
0.33
-0.16
0.01
0.45
0.00
0.37
0.25
-0.03
0.16
-0.46
-0.09
0.05
-0.47
0.20
-0.33
0.32
0.01
0.54
-0.01
-0.14
0.59
-0.53
-0.34
-0.65
-0.03
-0.03
-0.39
-0.03
0.06
-0.14
0.08
0.09
0.32
0.40
0.14
-0.14
-0.46
-0.33
0.18
-0.32
-0.09
-0.09
-0.03
0.20
-0.01
-0.10
0.25
0.40
-0.39
-0.65
-0.49
0.08
-0.32
-0.17
0.17
0.09
0.30
0.15
-0.23
0.13
0.20
-0.60
-0.47
-0.12
-0.24
0.05
0.43
-0.67
0.27
0.10
0.17
-0.13
0.26
0.25
-0.68
-0.28
-0.55
-0.20
-0.31
0.34
-0.20
0.74
-0.19
0.14
0.56
-0.18
0.58
-0.65
-0.66
-0.31
-0.11
-0.56
0.18
0.58
0.23
0.13
0.23
0.07
-0.03
-0.58
-0.37
-0.86
-0.05
-0.64
0.01
0.66
0.18
-0.08
0.06
-0.06
-0.41
-0.08
0.67
-0.21
-0.16
-0.86
-0.22
0.38
0.84
0.01
-0.12
0.36
0.22
-0.31
-0.27
0.37
-0.12
-0.46
-0.51
-0.27
0.16
0.21
0.42
0.33
0.49
0.35
0.16
-0.20
0.56
0.13
-0.51
0.34
-0.10
-0.18
-0.03
-0.07
-0.09
-0.13
0.04
-0.15
-0.26
0.48
0.10
-0.05
0.56
-0.10
0.25
0.23
0.11
0.33
0.09
0.06
-0.25
-0.19
0.27
-0.23
0.21
-0.10
-0.19
0.22
0.15
0.24
0.36
0.36
0.24
0.11
0.28
-0.17
-0.53
-0.29
0.20
-0.54
0.01
0.01
0.04
0.11
-0.16
0.26
0.42
-0.24
0.03
-0.39
0.34
0.07
-0.09
-0.25
-0.04
-0.19
0.24
-0.12
-0.11
-0.19
-0.44
-0.39
0.01
0.11
-0.12
0.24
-0.09
0.19
0.21
-0.03
0.15
0.41
-0.34
-0.76
-0.49
-0.05
-0.07
-0.09
0.15
0.15
0.52
0.21
0.18
-0.21
0.41
-0.46
-0.56
-0.46
0.34
-0.27
0.23
0.09
-0.21
-0.12
0.08
0.02
0.11
0.70
-0.18
-0.51
-0.60
0.21
-0.60
0.23
0.21
-0.21
0.23
0.21
-0.07
0.04
0.29
-0.66
-0.36
-0.05
-0.04
0.14
0.26
-0.29
0.42
0.09
-0.21
-0.13
-0.03
-0.03
0.73
-0.49
-0.25
0.04
0.12
-0.12
0.27
0.15
-0.27
-0.00
-0.26
-0.41
0.22
0.66
-0.41
-0.04
-0.46
0.45
-0.22
-0.21
0.05
-0.23
0.04
-0.07
-0.32
0.36
0.34
-0.69
-0.07
-0.29
0.41
-0.04
0.14
0.12
0.08
-0.26
0.06
-0.24
0.25
0.11
-0.40
-0.32
-0.59
0.45
-0.38
0.49
0.19
-0.05
0.44
0.26
-0.28
-0.08
0.25
-0.66
-0.52
0.18
0.06
0.60
0.53
0.52
0.10
0.54
0.21
-0.20
-0.08
0.09
-0.61
-0.02
-0.03
0.09
0.08
0.13
0.31
0.06
0.20
0.26
-0.04
0.31
0.68
-0.14
-0.48
-0.23
-0.08
0.26
0.32
0.04
0.19
0.46
0.38
0.16
-0.15
-0.49
-0.01
-0.41
-0.22
-0.07
-0.22
0.32
0.33
0.02
0.25
0.31
0.19
-0.31
-0.59
0.02
-0.18
-0.32
0.07
-0.23
-0.25
0.18
0.38
0.15
0.65
-0.45
-0.31
-0.59
-0.32
-0.10
-0.21
-0.20
0.04
0.13
0.32
0.49
0.46
0.25
-0.73
-0.54
-0.28
-0.41
-0.57
0.52
-0.40
-0.51
0.31
0.20
-0.37
0.86
0.54
-0.39
-0.37
-0.06
-0.03
-0.19
-0.06
0.02
0.06
-0.36
0.64
-0.19
0.29
0.29
-0.04
-0.54
-0.56
-0.04
-0.10
-0.44
0.45
0.05
0.19
0.44
-0.06
-0.14
0.44
0.13
-0.68
-0.87
-0.30
0.22
-0.50
-0.13
0.23
0.28
0.31
0.05
-0.20
0.26
-0.14
-0.47
-0.72
0.08
-0.32
-0.27
0.39
0.00
0.38
0.13
-0.12
0.21
0.32
-0.02
-0.56
-0.57
0.16
-0.65
-0.14
0.09
0.35
0.35
0.08
-0.04
-0.28
0.61
-0.00
-1.17
-0.13
-0.49
-0.30
0.01
0.61
0.21
0.45
0.13
-0.20
0.36
0.37
-0.21
-0.41
-0.78
-0.06
0.29
0.47
0.32
-0.13
0.42
0.42
-0.08
-0.27
0.20
0.50
-0.64
-0.23
0.31
-0.70
-0.23
0.04
0.46
-0.19
0.76
0.42
-0.56
0.35
0.58
-0.56
0.04
0.12
0.46
0.60
0.13
-0.10
0.22
0.51
-0.18
-0.23
0.42
0.49
-0.32
-0.09
-0.12
-0.29
0.32
0.28
0.24
0.23
0.51
0.25
0.29
0.22
-0.14
-0.49
-0.34
0.02
-0.39
0.15
-0.25
-0.02
0.12
0.47
0.27
0.19
-0.03
-0.32
-0.26
0.02
-0.64
-0.43
0.51
-0.27
0.39
0.04
0.26
0.56
0.10
-0.54
-0.14
-0.29
0.03
-0.30
-0.05
-0.05
0.30
-0.14
0.22
0.22
0.57
-0.54
-0.10
-0.56
-0.29
-0.42
0.29
-0.27
-0.04
0.05
0.68
-0.29
0.39
0.18
-0.62
-0.51
-0.59
0.12
-0.48
-0.00
0.05
-0.12
0.21
0.52
-0.09
0.19
0.13
-0.73
-0.86
-0.43
-0.27
-0.37
0.22
0.09
0.02
0.27
-0.03
-0.47
0.10
0.53
-0.56
-0.60
-0.08
0.30
-0.32
0.33
-0.23
-0.19
0.18
-0.20
-0.27
0.98
0.10
-0.18
-0.29
-0.52
0.37
-0.28
0.06
-0.47
0.20
0.13
0.00
0.05
0.54
0.02
-0.50
-0.69
0.22
-0.27
-0.41
0.58
