-0.01
-0.01
-0.01
-0.01
0.00
-0.00
-0.00
-0.00
-0.00
-0.00
-0.00
-0.00
-0.00
-0.01
-0.01
0.00
-0.00
-0.00
-0.00
-0.00
0.00
-0.01
-0.01
-0.00
-0.00
-0.01
-0.00
0.00
0.00
-0.01
0.01
0.00
-0.00
0.00
-0.01
-0.00
-0.00
-0.00
-0.01
-0.00
-0.00
-0.01
-0.01
-0.01
-0.00
-0.00
-0.00
-0.01
-0.00
-0.01
-0.01
-0.01
-0.01
-0.00
-0.01
-0.01
-0.00
-0.00
-0.00
-0.01
-0.00
0.00
-0.00
-0.00
-0.00
0.00
-0.00
-0.00
-0.01
-0.00
0.00
-0.01
-0.00
-0.00
-0.00
-0.00
0.00
-0.01
-0.00
-0.00
-0.00
-0.01
-0.00
-0.00
-0.00
-0.00
-0.00
0.00
-0.00
-0.01
0.00
-0.00
-0.00
-0.01
0.00
-0.00
-0.00
-0.00
0.00
-0.00
0.00
-0.00
-0.01
-0.00
-0.00
-0.00
-0.01
-0.01
-0.00
-0.00
-0.00
0.00
0.00
-0.00
-0.00
-0.00
-0.00
-0.00
-0.00
-0.00
-0.00
0.00
-0.00
-0.00
-0.00
-0.00
-0.00
-0.01
-0.00
-0.01
-0.00
-0.00
-0.01
-0.00
-0.01
-0.01
-0.00
-0.01
-0.01
-0.01
-0.00
-0.00
-0.00
-0.00
-0.00
-0.01
-0.00
-0.00
-0.00
0.00
-0.00
-0.00
-0.00
-0.00
-0.00
-0.00
0.00
0.00
-0.00
-0.01
-0.00
-0.00
-0.00
-0.01
-0.00
-0.00
0.00
-0.01
0.00
0.00
-0.00
-0.01
-0.01
-0.01
-0.00
0.01
0.00
-0.00
0.00
-0.01
-0.01
-0.00
0.00
0.00
-0.00
-0.00
-0.00
-0.00
0.00
-0.00
-0.00
-0.01
-0.00
-0.01
-0.00
0.00
-0.00
0.00
-0.00
-0.01
-0.01
-0.00
0.00
-0.00
-0.00
-0.01
-0.00
-0.00
-0.00
-0.00
-0.01
-0.00
-0.00
-0.00
0.00
-0.00
-0.00
-0.00
-0.01
-0.00
-0.00
-0.01
-0.00
-0.01
-0.00
-0.00
-0.00
-0.00
-0.00
-0.01
-0.01
-0.00
-0.00
-0.00
-0.00
-0.00
-0.01
-0.00
-0.01
-0.00
-0.00
-0.00
-0.00
-0.01
-0.00
-0.00
0.00
-0.00
-0.00
0.00
-0.00
0.00
-0.01
-0.01
-0.00
-0.00
0.00
-0.00
0.00
0.00
-0.00
-0.00
0.00
-0.00
-0.00
-0.00
-0.00
0.00
-0.00
-0.00
-0.01
-0.01
0.00
-0.00
-0.01
0.00
-0.00
-0.00
-0.00
-0.01
-0.00
-0.01
-0.00
0.00
0.00
-0.00
-0.00
-0.01
-0.00
-0.00
-0.01
-0.01
-0.01
-0.00
-0.00
-0.00
0.00
-0.00
-0.01
-0.00
-0.00
-0.01
-0.00
-0.01
-0.01
-0.01
-0.00
-0.00
-0.00
-0.01
-0.01
-0.01
-0.00
-0.00
0.00
-0.00
-0.01
-0.00
-0.01
-0.00
0.00
0.00
0.00
-0.00
-0.00
-0.01
-0.00
-0.00
-0.01
-0.01
-0.01
0.00
-0.00
-0.00
0.00
-0.00
-0.00
-0.00
-0.01
-0.00
-0.00
-0.01
-0.00
-0.00
-0.01
0.00
-0.00
-0.01
-0.00
-0.00
0.00
-0.00
-0.01
-0.01
-0.01
0.00
-0.00
-0.00
0.00
0.00
-0.00
-0.01
-0.00
-0.00
0.00
0.01
-0.00
0.00
-0.00
-0.00
0.00
0.01
-0.00
-0.00
0.00
-0.01
-0.01
-0.01
0.00
-0.00
0.00
-0.00
-0.00
-0.01
0.00
-0.00
-0.00
-0.00
-0.01
-0.01
-0.01
-0.01
0.01
-0.00
-0.02
-0.00
-0.00
0.00
-0.02
0.00
-0.03
0.01
-0.01
-0.03
0.03
0.02
0.01
-0.03
0.02
-0.22
-0.07
0.22
0.82
-1.09
0.25
-1.17
0.55
0.04
-0.29
1.13
0.30
-0.46
-0.79
-0.79
0.16
0.88
0.75
0.29
-0.52
-0.31
0.71
-0.37
-0.61
-0.60
0.23
-0.08
0.04
-0.08
0.98
0.07
-0.48
-0.61
0.24
0.16
-0.12
-0.64
-0.55
0.37
-0.05
-0.26
0.16
0.97
-0.37
-0.06
-1.10
0.41
-0.06
0.63
-0.44
-0.69
-0.11
0.17
0.06
-0.77
0.74
0.91
-1.03
0.24
-0.03
0.57
0.07
-0.31
-0.73
0.48
-0.47
-0.65
0.45
1.30
-0.67
-0.49
-0.89
2.82
-1.53
0.29
0.08
-0.69
0.16
-0.21
-0.21
0.52
0.27
0.31
0.06
-1.14
1.02
-0.79
0.44
0.16
-0.19
-0.45
0.33
-0.65
0.52
0.12
-0.16
0.22
-0.19
0.18
0.62
-0.06
-0.20
-0.86
1.15
-0.81
0.30
-0.56
-0.47
-0.09
-0.03
0.29
0.01
-0.20
0.83
0.52
-0.87
-0.41
0.10
0.51
0.76
-1.07
0.55
0.55
-2.46
1.29
0.42
0.36
-0.60
-0.79
0.08
0.22
-0.40
0.38
0.33
-0.64
-0.15
0.10
0.00
0.05
0.66
-0.81
0.05
0.92
1.02
0.28
-1.21
0.55
0.03
-0.76
1.41
-0.88
0.41
0.23
0.46
-0.77
1.28
-0.86
0.39
0.03
-0.68
-0.84
0.98
-1.05
1.50
0.27
-0.25
-0.51
-1.38
1.92
-0.00
-0.00
-0.75
0.10
-0.68
-0.02
1.32
-0.60
0.40
0.43
0.72
0.35
-0.65
0.21
0.78
-0.69
0.65
0.02
-0.40
-0.19
-0.17
-0.04
-0.09
-0.33
0.37
-1.22
1.13
1.09
-0.16
-0.13
-0.47
-0.77
0.90
0.17
-1.01
1.45
-1.03
-0.54
1.25
-0.71
1.03
-0.36
-0.52
0.15
-0.58
-0.09
-0.18
-0.82
0.10
0.03
-1.10
0.76
0.92
0.56
-0.62
-0.18
0.53
-0.65
0.66
0.20
-1.13
0.59
-0.31
-0.35
-0.01
1.15
0.05
-0.41
-0.66
-0.47
0.44
-1.11
0.03
-0.25
-0.12
1.09
0.17
-0.54
-0.30
1.88
-0.55
-0.33
1.37
0.01
1.18
-0.77
-0.77
-0.02
-0.67
0.14
0.50
-0.25
0.83
-1.16
-0.01
-1.23
1.14
-0.24
1.28
-0.85
-0.65
-0.30
0.36
-0.53
-1.20
2.23
0.60
1.10
-0.13
-0.81
0.27
0.41
0.23
-0.39
-0.26
-1.66
1.20
-0.76
-0.08
1.21
-2.51
0.21
0.77
-0.47
1.48
0.52
-0.60
-0.10
1.08
0.44
0.92
-3.23
1.33
-0.11
-0.24
1.98
-2.85
-1.49
-1.11
0.19
0.66
-2.54
0.65
0.59
-0.13
0.36
-0.36
3.52
-0.47
-1.87
0.68
-0.57
-1.63
-1.82
-0.52
-1.49
0.54
1.42
1.73
0.81
-1.89
1.71
1.32
-0.02
-0.61
0.54
-0.14
-0.06
0.17
-0.53
-2.54
-0.32
-0.48
-2.43
-0.35
-0.76
2.84
0.65
1.65
3.01
-2.16
0.23
-1.18
0.17
0.37
-0.16
-0.16
-0.03
-0.02
-1.10
-1.35
-0.42
-0.42
1.48
1.54
-0.68
0.55
-1.87
0.52
-0.24
1.08
0.71
-0.26
0.68
0.03
-1.92
1.39
0.14
-0.05
-0.96
-0.41
2.51
-1.17
-0.62
-1.30
2.05
-1.20
-0.41
0.55
0.17
-1.49
-0.34
-0.22
1.16
-0.36
0.30
0.40
-0.03
-0.08
0.37
0.27
1.03
-0.72
-0.71
0.79
0.12
-0.34
-0.55
-2.92
2.11
-0.95
0.54
1.18
-2.13
0.76
0.65
0.33
0.04
-2.10
-0.04
-0.13
-0.39
0.14
-1.07
1.38
-0.44
0.04
1.18
0.26
-1.14
0.17
-0.70
2.22
-2.76
0.95
-1.95
1.25
-0.37
0.07
0.65
-1.33
1.20
0.75
-1.01
-0.58
0.83
0.83
0.40
-0.73
-3.25
2.38
-0.88
-0.85
1.22
0.04
1.16
-0.16
1.29
0.37
1.05
-4.43
1.53
1.19
-0.77
-0.32
0.65
0.12
-0.90
-0.33
0.78
-0.68
1.07
0.18
-1.04
0.56
-1.06
-0.39
1.06
0.69
-1.34
-1.07
-0.83
1.96
-1.05
-0.43
1.72
-0.77
0.61
-0.97
-0.38
1.72
-1.24
0.39
-0.36
0.58
-2.13
1.75
-0.25
-0.34
0.81
0.58
-0.85
-1.37
1.01
-1.02
1.57
0.67
-0.10
-1.49
0.60
-0.88
2.51
-0.35
-0.56
-1.51
0.90
-1.18
0.35
-0.07
0.12
0.60
-0.96
-1.40
1.44
1.21
-1.13
0.70
-0.04
0.66
1.76
-2.21
-2.51
1.82
0.10
0.41
-1.77
0.55
0.89
0.33
0.33
-0.08
-0.08
0.71
-0.24
-1.04
-1.10
-0.00
-0.07
0.98
0.06
0.64
0.48
-1.28
-0.01
0.57
0.17
-0.98
0.50
-1.36
0.87
-0.10
-0.07
-1.24
0.26
1.08
0.41
-0.44
0.92
-0.48
-1.23
-1.09
1.15
-0.94
0.52
-0.61
-0.55
-0.45
1.36
-0.61
-0.09
0.69
0.20
-1.34
0.94
-0.77
-0.14
-0.41
-0.04
0.05
-1.16
0.75
1.05
-0.16
0.45
-0.76
-2.04
0.99
-0.72
0.26
-0.53
-0.65
-0.05
0.23
0.15
0.47
0.73
-0.99
-1.39
0.77
-0.19
0.04
-0.18
1.28
-3.42
0.79
0.09
0.27
1.07
-0.04
-2.25
0.07
1.59
1.59
-0.60
-0.36
0.79
-0.09
-0.08
0.15
-0.40
0.83
-0.11
-0.09
-0.83
0.37
-1.99
-1.30
0.25
1.13
-0.27
0.08
-1.02
0.31
0.38
-0.19
-0.24
-0.73
0.94
0.88
-0.24
0.62
0.75
-0.06
-0.98
-0.08
1.02
-1.21
1.05
-1.41
0.27
0.05
0.77
0.29
-1.09
0.40
-0.84
2.07
-1.65
-2.15
0.03
0.60
-0.10
0.08
-0.07
-0.40
0.68
-0.47
0.75
-0.07
-0.27
-1.96
0.56
-1.11
0.56
0.95
-1.00
0.69
-0.03
-0.03
0.47
0.12
-2.09
-0.04
0.73
-0.69
0.28
0.83
0.84
-1.44
0.65
1.83
1.83
-2.26
-2.02
2.51
-0.25
0.28
-0.08
0.82
0.61
-0.57
-0.70
-0.65
1.95
-1.23
-0.82
0.60
0.49
-0.86
0.06
1.01
-0.86
1.66
-0.55
-1.21
1.00
0.47
-1.32
0.83
-0.79
1.20
-0.81
0.02
-0.11
-0.46
0.42
-0.48
-1.03
-0.19
0.01
0.44
-0.47
0.59
2.21
-0.50
-1.01
0.06
1.51
-2.15
0.13
-0.19
-0.50
0.96
0.50
-3.44
0.89
0.07
2.24
0.92
-1.30
0.83
1.17
-1.72
0.28
1.63
-0.52
1.18
0.23
0.35
-0.10
-0.14
-2.70
1.36
0.68
-0.88
0.49
-0.20
-0.30
1.01
-0.00
0.16
-0.83
-0.53
0.23
-1.25
0.52
1.43
1.43
-0.02
-0.31
0.17
0.37
-1.82
-1.90
0.57
-0.18
0.95
0.31
-0.76
-1.36
1.15
1.89
0.03
-0.12
-1.50
1.71
-1.24
-0.36
-0.73
0.56
0.72
1.55
-0.67
-0.15
0.33
-0.61
-1.32
0.79
0.23
0.51
-2.45
2.43
-1.82
1.56
1.74
-1.46
0.92
-0.43
-2.72
1.33
1.05
0.47
-0.30
1.77
-0.40
-0.76
0.01
0.73
0.73
-2.15
2.25
-3.80
-1.95
4.00
1.42
-0.70
0.09
0.01
-0.62
1.18
1.17
-3.14
-0.33
2.39
-0.73
0.91
-0.46
0.24
-0.52
1.87
-1.25
-0.56
-0.87
-0.93
-0.62
0.61
-0.45
-0.17
1.93
-0.86
-1.16
-0.73
0.25
-1.69
-0.31
1.84
-0.12
1.14
-1.02
-0.60
0.74
-1.40
-0.92
1.62
-0.70
-2.04
-2.04
1.97
0.67
0.67
-0.52
-0.63
0.39
-0.24
-1.61
1.65
-1.20
-0.68
1.28
-0.07
-0.69
0.76
-0.12
-1.98
-0.56
0.10
-0.55
-0.01
-0.13
1.55
-0.53
0.43
-0.56
-1.30
-0.46
0.29
-2.26
0.32
1.59
-1.10
0.35
-1.11
2.79
0.70
0.75
1.16
-1.33
-0.37
0.86
-0.09
-2.42
2.25
1.50
0.05
-2.20
3.00
0.24
-1.13
-0.62
0.75
0.80
-0.81
0.95
-0.20
-0.40
0.54
1.89
0.15
0.45
1.18
-1.04
-0.57
0.56
0.45
1.22
0.94
-1.44
1.13
-0.44
-1.77
0.56
0.38
-0.02
0.58
0.38
1.31
-0.55
-0.43
1.83
-1.58
-1.84
0.93
0.39
-1.75
1.39
-1.28
1.85
2.07
2.07
-6.73
-1.04
1.81
0.80
-0.68
-0.66
-1.71
1.05
1.45
0.24
-0.97
0.91
1.70
-1.79
-0.07
0.85
1.44
-0.50
1.89
-1.19
-1.76
-0.90
1.84
-0.38
-0.52
0.14
-0.50
-0.87
1.36
-0.43
-2.83
0.74
2.00
-1.58
-1.05
0.59
-1.10
-0.59
3.08
0.46
0.04
-2.47
0.73
0.74
-0.73
-0.49
-0.54
0.75
0.53
-1.88
1.89
-0.04
0.97
-0.81
-0.07
0.48
-0.36
-0.80
1.82
0.69
0.57
-2.23
2.00
-1.51
-1.69
0.43
1.39
-1.08
1.97
0.06
1.37
-1.35
0.75
-0.64
-2.19
1.19
0.19
0.03
1.75
0.69
-2.41
1.78
1.10
-1.54
0.53
1.08
1.08
-2.46
-2.21
-0.55
0.32
-3.03
3.34
2.09
-3.13
0.62
3.54
0.06
1.06
-0.51
0.37
-0.93
1.08
-1.86
-0.37
-0.71
1.43
-1.49
0.42
-0.09
1.04
1.06
-1.59
-2.21
-2.78
1.15
-0.85
-0.59
1.11
-2.15
0.89
0.16
1.18
1.68
-1.18
0.98
-0.10
-1.26
1.14
-2.38
0.98
1.14
-0.03
0.96
-0.21
1.82
-2.05
-1.49
1.65
1.54
-0.54
0.19
0.29
-0.04
-0.58
1.26
-1.37
-1.80
0.53
-2.25
0.58
3.02
1.30
0.75
0.76
0.08
-0.19
-3.10
0.38
1.19
-2.25
-0.84
0.85
-0.37
2.42
-1.59
-1.42
1.38
-1.10
0.80
-1.12
-1.55
0.53
0.74
-0.07
1.79
-2.28
-1.33
-0.49
1.31
0.76
0.46
-1.11
-1.34
1.66
-0.80
-0.97
-0.42
-0.42
-0.31
-0.46
-0.54
2.52
-1.98
0.34
1.44
2.48
1.44
1.64
-0.29
1.56
-2.30
0.75
1.91
0.05
0.36
-0.39
-0.68
1.96
0.36
-0.11
1.32
0.06
-0.23
-0.72
1.55
-1.13
2.29
-0.12
-1.71
-2.07
0.50
-1.68
2.04
-0.05
0.69
1.36
1.15
-2.69
-0.99
0.12
0.26
-1.05
-0.37
0.47
-0.43
0.74
-0.63
-0.48
-2.27
1.11
0.04
-1.02
-0.11
0.29
0.21
1.81
-2.51
-0.97
2.39
-1.99
-0.68
0.35
-1.82
1.33
0.53
0.05
-2.11
-2.01
-0.60
0.31
0.55
-1.58
1.77
1.76
-0.72
0.21
0.04
2.30
0.20
1.18
-1.75
1.16
-1.00
0.92
2.57
-0.67
-1.50
1.30
-1.60
-1.40
-0.92
1.56
-1.20
1.25
1.25
1.67
-0.32
0.49
0.14
-3.19
0.48
-0.97
1.06
0.49
1.02
-0.93
-0.21
1.65
-2.19
-1.24
0.61
0.58
-1.53
-0.25
-0.77
0.56
1.19
-1.26
-2.86
-0.40
1.59
-1.48
-0.18
1.38
-0.12
-0.61
-2.16
-3.25
0.44
0.32
0.07
-0.76
-1.04
-0.83
2.97
-0.83
-0.30
0.67
0.16
0.29
-1.33
-0.45
1.15
-2.03
0.99
0.03
-0.57
-0.86
2.45
-1.31
0.06
1.40
1.17
-2.58
1.01
0.65
-0.81
0.31
-1.03
-1.01
-2.14
0.72
-0.17
-0.12
0.73
0.73
-1.14
0.41
0.76
-2.87
-0.20
0.94
-1.01
-0.48
-1.25
-0.83
2.25
-0.70
1.87
3.49
0.80
-1.85
1.87
-1.18
0.30
0.97
-0.17
-1.75
-2.15
0.92
-1.48
-0.36
-0.36
0.90
0.69
-0.64
0.48
1.32
0.35
1.76
-1.47
-0.61
0.68
-1.88
-0.35
2.54
1.90
-0.14
-0.46
0.15
-0.77
0.04
2.11
-2.39
1.27
0.38
0.53
-0.74
3.36
-0.98
-5.45
1.55
0.57
0.69
0.07
0.57
-0.20
0.43
0.34
-0.40
-0.73
-1.37
-1.06
1.54
1.40
3.66
-1.21
-0.32
-1.79
-1.62
0.58
-0.64
-0.65
2.13
-0.27
0.28
-0.82
0.36
-1.82
0.45
-0.22
1.73
-2.00
-1.79
1.39
0.73
1.87
-0.86
0.14
-1.00
-1.68
1.70
-0.71
0.86
3.07
-0.75
-0.43
-0.28
2.00
-4.01
-0.45
1.35
-0.69
1.54
1.82
-1.19
0.77
0.94
-0.21
-1.62
-1.43
0.86
-0.78
1.14
1.85
0.75
0.75
-1.02
0.78
-2.37
-0.55
0.50
-0.41
-0.09
0.61
-0.40
0.46
0.41
-0.30
-0.89
0.35
-1.35
-1.00
0.70
0.05
1.71
2.46
-3.60
-0.16
-0.15
-2.43
0.52
0.29
-0.35
0.05
0.08
1.89
0.95
-0.23
-0.65
-0.92
0.27
1.65
-0.02
-1.16
1.67
0.61
-0.66
0.10
-0.90
-0.09
0.33
-1.33
-0.04
4.13
-1.44
-0.34
1.91
-1.28
-2.14
-0.12
-1.03
0.41
0.33
0.81
-1.36
2.91
0.71
-4.46
0.56
-1.99
0.12
1.32
-0.59
-1.54
2.14
-0.35
-3.37
-0.38
-0.67
1.53
-0.62
-1.80
0.38
0.60
0.37
-1.00
-1.80
-0.05
-1.66
0.53
1.12
-1.65
0.53
0.53
-0.23
0.30
-1.09
1.74
-2.44
-1.45
-0.51
0.22
2.88
0.91
-0.41
-1.49
1.02
-0.53
-0.29
3.00
-0.46
-0.23
0.46
-0.03
0.77
1.82
2.42
-3.25
-1.64
-0.09
-1.30
2.28
0.19
1.67
-3.25
1.62
0.23
-0.04
-1.88
-1.28
0.28
-0.27
-0.31
2.12
1.41
1.01
-0.33
0.17
0.48
-2.91
-0.25
0.99
-0.08
2.55
1.31
-0.82
-0.09
-1.67
-0.62
2.43
-0.98
-0.42
1.77
-2.30
0.11
2.48
-1.55
0.12
0.60
-0.92
-0.41
-0.04
2.48
1.49
-1.13
0.60
2.43
-2.83
-0.37
-0.99
-1.04
2.40
3.32
-3.37
0.67
1.18
-1.03
-0.47
-0.59
-0.48
-3.12
-0.57
-2.81
2.07
1.48
-3.69
1.09
-0.35
-2.39
-0.39
1.93
0.14
0.14
1.30
-0.49
-0.49
-2.14
-0.20
-0.60
0.75
-0.94
0.17
-1.06
3.20
-0.17
-0.32
0.07
-0.27
-0.47
-0.58
-0.48
0.04
2.80
0.41
-0.95
-0.16
2.50
-0.74
-0.69
1.09
0.63
1.86
-1.09
-1.13
1.39
1.86
-1.56
-1.85
1.47
0.77
-0.33
0.32
1.85
-1.13
0.29
0.17
-1.61
-0.99
-1.43
1.03
1.11
0.82
0.55
1.50
-0.78
-3.26
1.95
0.71
-0.15
0.67
-2.02
1.61
0.04
-0.85
-2.90
0.75
1.37
-1.39
-0.54
-1.10
1.76
-0.86
2.93
-0.79
0.57
-1.12
-1.33
0.18
-0.41
2.74
0.33
1.08
0.32
0.59
0.11
-0.86
-0.55
-1.97
-0.98
0.25
1.34
0.40
0.37
1.31
-1.10
-1.08
-0.29
-1.41
2.45
-0.14
-1.48
0.38
0.38
1.37
-2.60
-0.79
1.62
-1.48
-0.70
-1.43
-0.99
-0.48
1.23
-0.65
-2.15
-0.34
-1.21
-1.01
0.70
0.58
0.79
0.29
0.57
-2.85
1.56
-1.05
-0.17
0.16
-0.33
1.62
-1.60
2.45
-0.75
0.67
1.49
-0.42
-0.19
-1.46
0.60
2.30
2.78
0.49
-0.79
1.66
-4.18
-1.63
1.20
-0.03
2.35
1.93
-1.05
0.78
1.79
-0.82
-2.26
-1.01
-0.44
0.02
-0.63
0.13
-0.45
2.98
-1.34
-4.62
2.86
-1.48
0.36
0.27
-1.83
0.11
1.53
-1.97
-2.13
0.40
-1.20
-0.54
0.87
-1.23
0.95
0.62
0.65
0.09
0.03
-3.50
2.22
-1.64
-0.09
1.22
2.37
-0.52
1.67
-0.43
1.50
-0.45
-3.78
1.73
-0.43
0.21
2.58
0.02
0.02
0.36
2.32
-4.96
-3.05
1.83
-1.02
-1.54
4.26
0.10
0.05
1.45
-1.60
-2.55
0.34
-1.18
1.59
-0.68
-0.87
2.21
-0.24
-3.86
-0.75
0.26
0.30
-1.01
-0.38
0.11
-0.88
2.89
1.64
-1.67
-0.37
-2.22
2.29
2.60
-2.10
-0.89
1.35
1.66
1.47
0.74
0.17
1.20
0.35
-3.62
-1.56
4.30
-0.15
-0.83
1.59
-1.78
-1.44
-2.10
0.99
1.55
2.00
0.43
-1.40
2.19
0.53
-3.60
1.08
-2.02
-0.34
1.20
-2.86
1.26
2.96
-3.69
-0.36
-0.29
-0.81
-0.56
1.20
-0.69
0.18
1.37
-1.51
-3.06
-1.61
-0.85
-0.61
1.20
-0.54
-1.63
0.85
3.35
0.11
1.17
1.44
-0.12
-1.81
-1.48
3.00
6.25
0.36
-1.37
-1.23
2.42
0.31
0.31
-1.83
0.56
0.56
3.81
1.11
-0.20
-0.45
3.27
-2.67
-1.79
-0.84
-2.20
1.06
1.84
0.84
0.15
0.84
-1.67
-0.59
-1.02
0.28
0.73
-1.60
-0.31
1.40
2.90
-2.44
-3.96
1.44
-1.27
1.69
-1.02
-2.56
0.86
3.55
-0.10
0.30
-0.68
0.32
-1.72
-1.69
-2.11
-0.85
3.23
0.15
-1.15
2.57
2.76
-4.19
0.07
-1.64
1.85
-0.87
0.93
1.72
-1.87
0.13
0.11
-1.55
-0.94
0.24
1.83
-1.03
0.85
0.81
1.33
-1.97
-2.34
-0.47
0.55
0.73
-2.29
-1.75
0.70
0.79
-2.23
0.53
-1.30
-1.40
-1.00
-0.35
1.19
1.11
0.82
0.12
-0.35
-0.38
-0.09
0.47
-0.54
-0.26
-0.59
2.52
3.07
0.38
-1.25
-0.98
0.08
0.17
-0.11
1.77
-3.99
-3.99
-0.00
1.52
-1.80
0.67
0.39
-1.04
0.66
0.87
-1.20
3.18
-0.33
0.40
0.79
-2.62
-1.09
-1.60
-0.12
1.07
-1.29
2.98
1.55
-2.92
-2.91
-0.26
-1.73
0.02
0.04
-1.44
2.38
1.95
-1.86
-1.05
-1.89
-0.69
-0.21
1.54
-1.65
-0.75
1.99
1.08
0.92
-0.21
-1.51
-0.31
0.00
-0.90
-0.90
3.35
1.77
-1.18
0.74
0.73
-2.14
-0.69
-0.23
-0.20
1.57
1.33
-0.36
1.35
0.26
-1.84
-1.42
-0.65
-1.49
0.61
1.21
-1.26
1.82
2.04
-2.55
-1.99
-0.18
0.58
0.02
0.22
-0.97
-1.62
0.76
-1.75
-0.66
0.54
-0.88
-0.22
-1.14
-1.23
3.10
1.15
0.88
-1.03
-1.41
-0.40
1.05
-0.49
0.36
0.36
2.12
1.47
0.18
-0.94
2.43
-1.21
0.70
0.86
0.31
0.87
1.14
0.04
-0.86
3.41
1.19
-6.48
0.28
-0.98
1.87
3.15
-0.75
-0.50
1.70
-1.17
-0.70
-0.31
-1.78
-0.62
0.11
-1.88
0.18
1.55
-2.92
-1.07
0.25
-1.88
-0.28
-1.19
-0.43
0.42
3.70
1.12
-2.78
-0.58
-0.76
0.56
1.34
-0.91
0.91
1.01
0.10
0.58
-0.59
2.00
-0.07
0.46
-2.04
1.08
0.40
1.12
1.34
-1.00
1.89
-1.31
-1.19
-0.15
-0.32
3.37
-0.35
-0.69
2.28
0.29
-4.12
-0.52
-0.82
-0.70
0.81
-1.43
1.21
2.97
0.39
-1.91
-0.91
-1.05
-2.27
0.30
-0.54
1.21
1.24
0.22
-4.79
-0.99
0.69
0.69
-1.10
0.75
0.90
-1.66
0.29
2.35
-0.28
1.82
0.56
-1.93
-0.65
1.47
-1.40
3.13
-0.62
1.12
0.35
-0.20
0.83
-2.02
-0.50
1.17
2.65
-1.55
0.12
2.10
1.09
-1.12
-1.72
-2.05
0.78
0.04
-2.26
0.99
1.18
0.85
0.37
-2.87
-0.58
-0.94
-0.40
1.67
0.33
-2.42
1.62
-0.82
-1.77
0.04
-1.07
0.03
0.62
-2.17
0.54
2.67
0.87
-0.51
-0.89
-1.54
0.12
1.46
-1.14
0.12
1.48
0.89
-0.59
2.07
0.13
-1.08
0.43
-0.99
1.75
-0.75
0.00
3.36
-0.14
-2.32
-1.12
-1.98
-0.49
-1.41
1.86
-0.80
-1.02
0.41
1.70
-0.64
-0.53
-0.68
0.37
-1.12
-1.64
-1.64
1.64
1.64
0.33
-3.31
-1.32
0.14
-2.58
1.17
1.28
-0.42
3.40
0.06
-0.93
-0.58
-2.49
-0.21
0.09
0.44
0.63
-0.58
0.82
1.85
-0.15
1.28
-0.25
-1.85
1.45
-0.28
-0.74
1.10
-0.97
-0.57
0.19
-0.86
-2.24
0.64
1.52
-0.58
1.07
-1.10
0.92
2.37
-2.00
-3.15
-0.28
0.97
-1.24
-0.54
0.39
0.42
0.04
-1.31
-1.34
-1.42
-0.34
0.08
0.23
-1.43
1.37
1.11
-2.20
-0.49
0.13
-0.61
0.00
0.88
-0.41
1.40
-0.13
0.96
-0.76
1.06
2.22
-0.74
-2.20
0.25
0.87
2.41
-0.23
0.92
1.15
-1.01
-3.49
0.40
2.81
-0.49
1.81
-0.85
1.57
1.56
-3.60
-3.27
0.94
-0.50
-0.50
-0.63
-1.14
-1.14
2.46
1.31
-2.17
-1.85
-1.17
0.57
-1.31
1.21
-0.71
0.53
1.39
-4.34
-1.54
0.47
-0.49
1.09
-2.63
-0.81
1.33
4.89
-1.74
-0.36
-0.89
0.04
-0.89
1.93
-0.44
-0.44
2.35
-1.46
1.45
2.78
-0.90
-4.21
0.28
0.81
0.05
1.73
0.92
0.24
1.96
-1.55
-2.18
-2.98
0.47
-0.21
0.57
0.98
1.21
1.28
-2.91
-1.92
1.03
-2.21
-0.85
-1.88
-0.72
4.46
1.43
-0.68
-2.93
-0.03
-0.35
-0.65
0.32
0.03
1.22
2.48
-0.83
0.59
-0.80
-1.73
1.78
0.20
-1.10
1.05
0.88
0.53
0.83
1.20
-0.68
-2.27
-1.80
0.24
1.47
0.60
2.34
0.85
0.82
-1.98
-2.09
-0.01
-0.84
-0.79
-0.51
-0.51
0.88
1.64
-0.33
-0.48
-1.76
-1.71
0.37
-0.69
-0.16
-1.15
0.93
2.09
-2.50
-2.84
0.17
-1.44
1.13
2.63
-0.30
-0.58
2.08
-0.53
-1.16
-0.12
-0.58
0.64
1.15
-3.06
2.88
1.12
-0.99
1.11
0.77
0.64
-0.18
0.63
-0.10
1.09
1.97
0.94
-0.22
-0.44
1.25
-1.24
-1.57
0.91
2.54
-0.52
-0.10
2.79
-0.93
-0.56
-2.03
-1.34
-1.98
-1.04
0.20
3.02
0.91
0.47
-1.86
-1.18
-1.77
-0.17
1.93
-1.07
0.22
-1.08
1.89
2.10
-4.77
0.85
-0.11
-0.81
2.51
-1.49
-1.51
1.65
1.22
-0.03
-1.37
3.60
2.42
-3.26
-1.24
1.03
4.09
-1.10
-0.65
1.05
2.06
-2.24
-3.32
0.37
-0.87
4.88
0.33
-0.88
3.45
-0.81
-2.85
0.12
-2.44
-1.36
1.72
0.07
2.02
-0.15
0.08
0.08
-2.87
-0.31
-0.85
-0.29
0.13
-1.55
1.15
3.21
0.79
-1.51
-1.02
-1.52
-1.11
-0.38
0.62
1.40
0.60
-2.63
3.27
2.49
-2.72
0.54
0.53
-2.92
-0.48
3.57
1.05
-0.73
0.86
1.32
-2.24
-2.51
-0.05
-0.96
0.31
2.20
0.23
0.69
0.85
-0.64
-2.35
-1.78
0.52
1.07
-0.56
0.89
-0.96
2.67
-1.93
-4.25
0.33
-1.38
-0.58
1.30
-0.79
0.69
-0.01
-2.13
-1.78
-1.42
0.14
1.40
0.33
-1.98
1.95
2.13
0.42
-0.14
-0.22
1.29
-0.87
-0.89
-1.30
1.11
2.66
-0.09
0.94
0.24
-1.69
-1.39
-0.88
-1.45
3.09
2.30
0.87
-0.47
-0.95
0.30
-2.61
-1.19
-2.15
0.72
-0.96
0.13
0.67
1.77
-1.43
-1.43
-0.56
1.70
1.24
0.05
-0.63
-0.09
-1.02
1.86
-1.80
-3.84
0.82
-0.42
-0.43
-1.70
0.22
2.97
-0.13
1.82
-2.45
-1.12
0.57
0.39
-2.27
0.33
4.87
1.92
-1.28
0.10
2.06
-0.48
-1.07
-0.38
0.61
1.96
0.29
0.76
-0.59
1.75
0.57
-2.89
-2.06
-0.15
4.16
-1.23
0.36
2.30
-0.27
-2.01
-2.09
-0.19
-0.80
-0.62
0.40
-0.85
0.50
0.78
-0.49
-1.55
0.32
0.12
-1.86
-1.93
-3.29
-1.54
1.42
0.91
-0.51
-1.37
-0.94
-0.13
-0.95
0.01
0.47
0.37
-0.13
-0.90
0.38
-0.04
-0.75
-0.12
2.76
1.37
0.52
4.33
-1.18
1.01
1.10
-4.09
0.57
-0.91
2.50
0.67
0.12
-0.33
-0.07
0.56
-1.91
-1.55
1.21
0.09
0.09
-1.70
-0.79
1.18
0.85
-3.95
0.23
-0.70
-2.18
1.44
-0.95
1.32
1.53
1.24
-1.85
-2.36
-0.22
-0.87
0.48
-1.36
-0.32
0.65
1.98
-0.52
-0.23
2.46
-1.75
0.40
-2.21
1.97
1.65
1.00
0.58
-1.05
0.82
-0.84
-1.46
0.36
1.37
1.16
-0.03
-0.72
2.56
0.97
-3.45
-1.12
-0.03
-1.05
0.54
-1.84
-0.16
2.64
-1.04
-1.46
-2.72
-0.27
-0.24
-0.78
0.33
1.45
1.38
-3.08
-2.69
-0.83
0.51
-1.86
2.11
-2.30
-1.40
2.37
-2.07
2.74
0.08
-2.34
0.16
-2.83
-0.54
0.63
3.53
-0.97
1.46
2.07
-0.55
-2.09
-0.08
-0.05
2.16
1.29
-2.26
2.37
0.36
0.38
-0.00
-2.86
-0.97
-0.21
1.16
-0.63
-0.01
1.52
1.70
1.70
-1.84
-2.19
0.26
-0.43
-0.59
0.41
0.10
0.14
1.92
-1.04
-2.86
1.43
-0.18
-0.81
-0.48
-0.99
1.53
-0.49
1.56
-0.19
0.91
-1.20
-1.10
0.64
2.40
1.35
-1.26
-1.11
1.77
1.01
-1.22
-1.75
-0.72
2.10
-0.58
0.24
2.14
0.05
1.93
-2.40
-2.54
-0.18
-1.41
0.83
1.05
0.37
-0.29
1.65
-2.27
-0.39
0.29
-1.45
0.27
-1.42
-0.25
2.26
-1.94
-3.10
0.43
-0.36
0.60
-1.39
-0.88
1.36
1.79
1.68
-0.90
0.64
-0.32
-1.27
0.59
-0.82
2.32
-0.61
0.29
1.81
0.01
2.09
-1.31
-3.70
0.25
-1.43
2.39
1.84
0.83
0.42
0.56
-2.30
-1.57
-1.00
0.79
-1.51
0.00
0.77
0.48
1.64
-1.82
-2.52
-0.84
0.13
-2.59
0.38
0.38
2.83
1.91
-0.26
-1.08
-1.97
-0.72
-0.67
0.86
-1.12
1.17
2.59
-0.77
-0.93
-0.75
-0.51
-0.25
-0.39
-0.28
-1.34
2.60
4.46
-2.28
1.65
1.10
-1.70
2.41
-2.24
0.87
3.70
0.46
-0.08
1.28
1.09
-3.93
-2.01
-0.12
-0.23
0.56
2.10
-1.40
1.07
2.15
-0.35
-1.54
-1.92
0.55
-0.03
-1.01
2.60
1.40
-2.54
-1.46
-1.78
0.58
0.19
-0.83
-1.99
1.55
1.89
-0.40
3.09
-2.29
-0.26
-1.03
2.44
-3.43
1.22
1.12
1.73
0.06
-1.07
2.04
-0.31
-0.74
0.89
-0.16
1.01
2.55
-2.34
1.44
1.89
-0.64
-2.05
-0.13
-0.37
2.53
-0.36
0.93
0.58
2.13
-4.30
1.45
-0.09
-1.64
2.34
-0.33
-0.48
1.05
-1.19
-0.31
-1.65
-1.65
-1.08
0.20
1.54
-2.22
0.84
0.15
2.03
-3.34
-0.15
-0.34
0.14
-1.73
-0.41
2.04
0.55
0.62
-0.95
1.39
2.41
0.91
1.20
-0.83
-0.42
2.07
1.28
0.79
0.10
1.00
-3.82
-1.58
-1.54
2.22
2.78
-0.49
-0.16
2.18
0.33
-3.97
0.32
-1.21
2.02
-1.13
-1.99
0.53
1.00
-0.78
-2.38
-1.56
0.19
-0.16
-1.43
1.12
1.64
0.04
0.27
-0.66
-2.06
-1.27
0.41
2.80
0.20
-1.25
1.88
1.66
-0.48
1.44
0.59
1.18
-1.17
-0.20
-1.23
1.58
2.75
-1.64
0.33
0.97
-0.90
-0.54
0.78
1.15
1.29
0.60
0.08
0.52
0.13
-2.06
0.27
-0.90
-0.30
-0.53
0.00
0.06
2.95
-3.08
-3.08
-0.46
-3.38
-1.11
0.00
0.37
-1.99
2.83
-0.21
-1.88
-2.58
1.47
-1.01
1.28
0.42
-0.69
0.38
1.32
0.56
-0.54
0.32
-0.49
-0.43
-0.82
0.65
2.56
0.91
-0.77
0.42
0.88
-0.14
-3.26
-1.02
0.72
1.22
-0.33
0.07
1.15
0.56
-1.69
-2.97
0.36
-0.84
0.76
0.51
-0.33
1.09
0.20
-4.35
0.74
-1.85
-0.70
1.82
-0.24
-0.87
-0.75
4.29
-0.29
3.18
-0.28
0.36
-0.40
-0.66
-0.33
0.47
1.70
0.01
-0.21
2.32
0.55
-2.08
-0.28
3.38
1.58
-0.47
0.25
0.35
0.16
-0.82
-0.93
-0.94
0.27
2.83
0.72
0.23
0.91
-0.28
-3.66
-0.71
0.30
-0.54
1.64
-1.17
0.29
0.89
-0.30
-3.20
-3.20
-1.50
0.06
0.21
-1.02
-1.12
-0.64
2.49
2.12
-4.02
-2.44
0.73
0.42
-0.03
-0.38
0.70
2.87
-1.12
-0.05
1.18
-1.29
1.99
-0.67
-0.22
-0.71
0.70
0.97
0.61
0.52
1.31
-1.23
-1.55
-0.46
2.65
2.71
-0.54
-1.16
0.47
0.47
-2.44
0.12
-1.26
-0.24
0.06
-0.33
-0.64
2.47
-0.98
-2.60
-1.71
-0.46
0.98
-2.63
1.52
1.55
1.34
-1.27
-3.11
1.38
-1.64
-0.35
1.35
-0.85
-0.68
2.78
0.82
0.58
1.12
1.07
-1.93
0.61
-1.58
0.99
4.13
-0.34
-0.59
1.92
3.65
-4.86
-2.51
0.75
0.16
3.20
0.11
-0.60
2.37
-0.15
-3.35
-1.59
-1.18
-0.14
1.36
-0.98
0.92
2.39
-3.81
-2.08
-0.84
-0.56
-0.19
0.67
-0.96
1.72
1.17
-1.19
-0.49
-2.18
-1.03
0.31
0.25
0.25
0.33
1.80
-2.19
2.94
1.56
