0.00
-0.00
-0.01
-0.00
-0.00
-0.00
-0.01
-0.01
-0.01
-0.01
-0.00
-0.00
-0.00
-0.00
-0.01
-0.01
-0.01
-0.01
-0.00
-0.00
-0.00
-0.01
-0.01
-0.01
-0.00
-0.00
-0.00
-0.01
-0.00
-0.01
-0.01
-0.01
-0.01
-0.01
-0.02
-0.01
-0.01
-0.01
-0.01
0.00
-0.00
-0.00
-0.01
-0.01
-0.01
-0.01
-0.01
-0.01
-0.01
-0.01
-0.01
-0.01
-0.00
-0.00
-0.00
-0.00
-0.01
-0.01
-0.00
-0.01
-0.00
-0.00
-0.00
-0.01
-0.01
-0.01
0.00
-0.00
-0.00
-0.01
-0.01
-0.01
0.00
0.00
-0.01
0.00
-0.00
-0.00
-0.01
-0.01
-0.01
-0.01
-0.00
-0.00
-0.01
-0.01
-0.00
-0.01
-0.01
-0.01
-0.00
0.00
-0.00
-0.00
-0.00
-0.01
-0.01
-0.00
-0.01
-0.01
-0.01
-0.00
-0.00
-0.00
-0.01
-0.01
-0.01
-0.01
-0.00
-0.00
-0.01
-0.01
-0.00
0.00
-0.00
-0.01
-0.01
-0.01
-0.01
-0.00
-0.01
-0.01
-0.01
-0.01
-0.01
-0.00
-0.00
-0.01
-0.01
-0.00
-0.01
-0.01
-0.01
-0.00
-0.00
-0.01
-0.00
-0.00
-0.01
-0.01
-0.01
-0.01
-0.00
-0.00
-0.00
0.00
-0.00
-0.00
-0.00
-0.00
-0.00
0.00
-0.01
-0.00
-0.01
-0.01
-0.01
-0.01
-0.01
-0.01
-0.01
-0.01
-0.01
-0.01
-0.01
-0.00
-0.00
0.00
-0.01
-0.00
-0.01
-0.01
-0.01
-0.00
-0.00
0.00
-0.01
0.00
-0.01
-0.01
-0.00
-0.00
0.00
-0.01
-0.00
0.00
-0.01
-0.00
-0.01
-0.01
-0.00
-0.01
-0.02
-0.01
-0.00
0.00
-0.00
-0.00
-0.00
-0.00
-0.01
-0.01
-0.01
-0.01
-0.00
-0.00
0.00
0.01
-0.00
-0.01
-0.00
-0.01
0.00
-0.00
0.00
-0.01
-0.00
-0.02
-0.03
-0.02
-0.00
0.01
-0.01
0.02
-0.01
-0.00
-0.01
-0.01
-0.02
-0.01
-0.01
-0.00
0.00
0.03
0.02
0.02
0.02
0.02
0.01
0.01
0.00
0.01
0.01
0.01
0.01
0.01
0.02
0.02
0.01
0.01
0.00
-0.00
-0.01
-0.01
-0.01
-0.01
-0.01
-0.01
0.00
0.00
0.01
-0.00
-0.00
-0.01
-0.01
-0.01
-0.01
-0.01
-0.01
-0.01
-0.00
-0.00
-0.00
-0.01
-0.00
-0.00
-0.01
-0.00
-0.00
-0.00
-0.00
-0.00
-0.00
-0.00
-0.01
-0.01
-0.00
-0.01
-0.00
-0.00
-0.01
-0.01
-0.01
-0.01
-0.01
-0.01
-0.01
-0.01
0.00
-0.01
-0.01
0.00
-0.01
-0.01
-0.00
0.01
0.00
-0.00
-0.01
-0.01
-0.01
-0.01
-0.02
0.02
0.02
0.14
0.11
-0.15
0.04
-0.02
-0.10
-0.10
0.47
0.21
0.45
-0.29
0.58
0.15
0.92
-1.68
1.45
-0.39
1.58
-0.42
0.56
1.66
-0.94
-0.32
-1.48
0.25
-0.89
-1.01
0.09
-0.08
0.51
0.25
0.88
0.66
-0.76
0.43
-0.24
-0.47
-0.66
-0.65
-0.18
-0.25
-0.23
-0.02
-0.05
0.34
-0.70
-0.83
0.79
-0.31
-0.50
-0.21
-0.31
-0.06
-0.16
0.15
0.07
0.21
-0.01
-0.22
-1.11
0.18
-0.81
-0.29
-0.64
-0.45
0.04
-0.29
0.18
0.20
1.25
-0.04
-0.75
-1.03
0.35
-0.26
-0.51
-0.62
0.13
-0.23
0.02
0.72
0.35
0.82
-0.35
-0.23
-0.53
-0.31
-0.42
-0.21
-0.37
-0.38
0.73
-0.12
0.08
0.30
1.15
-0.46
-0.46
-0.63
-0.63
0.02
-0.95
-0.28
-0.63
-0.21
0.41
0.48
0.17
0.62
1.00
-0.89
-0.39
-0.45
-0.05
-0.88
0.03
-0.40
0.73
-0.07
0.34
0.27
0.28
0.83
-0.17
-0.87
-0.54
0.42
-0.83
0.22
0.86
0.02
0.22
0.73
-0.34
0.47
0.84
-0.89
-0.48
-0.47
0.33
-0.61
-0.08
0.69
0.53
0.13
0.35
0.15
0.59
0.80
-0.41
-0.85
-0.92
0.06
0.32
0.09
0.06
-0.21
0.26
0.76
-0.32
0.55
0.72
-0.50
-0.59
-0.37
-0.20
0.25
-0.22
0.08
0.08
0.52
0.16
-0.14
0.74
0.44
-0.54
-0.57
-0.22
0.17
0.17
0.22
-0.29
0.82
-0.45
0.36
0.47
-0.60
0.98
0.26
-0.47
0.24
-0.27
0.13
0.02
0.18
0.34
0.14
0.10
0.14
-0.26
1.27
0.30
-0.44
0.10
-0.07
0.05
0.26
-0.08
0.38
0.06
0.48
-0.02
0.18
-1.03
0.20
-0.65
0.13
-0.23
0.16
0.60
-0.04
0.58
0.11
0.43
0.21
-0.67
-0.59
-0.05
-0.66
-0.01
-0.10
0.22
0.28
0.08
0.35
0.43
0.43
-0.81
-0.30
-0.36
-0.35
-0.72
0.22
-0.39
-0.30
-0.01
0.02
0.31
0.17
0.17
-0.55
-0.15
-0.47
0.05
0.05
-0.35
-0.01
-0.24
0.28
-0.04
0.40
-0.06
0.61
-0.07
-0.24
-0.55
-0.49
-0.09
-0.04
-0.20
-0.10
0.52
-0.51
-0.57
-0.16
1.21
-0.54
-0.19
-0.17
-0.62
0.08
-0.23
0.16
-0.00
0.12
0.54
-0.25
-0.16
0.60
0.11
0.14
-0.96
0.22
-0.08
-0.07
0.04
-0.06
0.08
0.21
-0.55
0.07
0.58
0.06
-0.47
-0.73
0.04
0.07
-0.18
-0.01
-0.04
0.11
-0.15
0.58
-0.40
0.59
-0.19
-0.21
-0.68
-0.14
-0.04
-0.14
0.06
0.23
0.21
0.13
-0.11
-0.10
0.56
0.11
-0.65
-0.74
-0.12
0.23
0.19
0.00
0.14
-0.07
0.26
0.26
0.13
0.00
0.67
0.07
-0.59
-0.82
-0.33
0.30
-0.10
0.09
-0.13
-0.28
0.32
-0.19
0.01
0.81
-0.42
0.07
0.13
0.05
0.34
0.12
0.20
-0.02
0.08
0.19
-0.24
0.08
0.47
-0.36
0.28
-0.15
-0.13
-0.04
0.28
0.08
-0.08
0.44
-0.03
-0.36
0.36
0.88
-0.21
-0.12
0.01
-0.03
0.10
0.25
0.19
0.21
0.14
0.14
0.12
-0.28
0.09
-0.59
0.20
-0.20
-0.29
0.34
-0.28
0.79
0.02
0.22
0.40
-0.29
-0.70
0.06
-0.40
-0.00
-0.27
0.02
0.40
0.00
0.00
0.31
0.25
0.14
-0.47
-0.67
-0.70
0.51
-0.32
-0.43
0.23
-0.38
-0.38
0.87
0.16
-0.69
0.31
-0.36
-0.33
-0.91
0.18
-0.18
-0.06
-0.08
0.04
0.48
-0.17
0.20
0.41
0.62
-0.44
-0.21
-0.48
0.34
-0.37
-0.02
-0.08
-0.33
0.35
-0.49
-0.29
0.53
0.17
-0.27
-0.12
-0.62
0.36
-0.21
0.04
0.08
-0.24
0.12
0.11
-0.25
0.38
0.76
-0.61
-0.28
-0.20
0.29
-0.31
0.05
-0.20
-0.04
0.20
-0.13
-0.18
0.33
0.44
-0.39
0.08
-0.55
0.25
-0.17
0.17
-0.25
0.18
0.08
0.39
-0.18
0.37
0.38
-0.60
-0.11
-0.56
-0.56
0.05
0.26
0.25
-0.26
0.16
0.13
-0.14
-0.05
0.52
0.47
-0.33
-0.37
-0.57
0.54
-0.27
0.16
-0.05
-0.16
0.23
0.02
-0.20
1.29
-0.49
0.22
-0.18
-0.47
-0.07
-0.03
-0.07
0.18
-0.37
0.08
0.21
-0.26
0.99
0.39
-0.85
0.37
0.14
-0.14
0.10
0.20
-0.14
-0.08
-0.27
-0.22
-0.17
0.61
0.10
-0.10
-0.07
-0.28
0.45
-0.04
-0.54
0.27
0.03
-0.07
0.14
-0.39
0.46
0.16
-0.14
0.47
0.08
-0.07
0.28
-0.02
0.15
0.10
0.17
-0.09
-0.07
0.65
0.21
-0.01
0.25
-0.54
-0.06
0.03
0.03
-0.06
-0.07
0.04
0.27
-0.04
-0.75
0.08
0.31
-0.07
0.25
-0.62
0.02
0.43
-0.18
-0.17
-0.04
0.21
-0.27
-0.95
0.34
-0.05
0.06
0.22
-0.17
0.49
-0.10
0.31
-0.34
0.03
-0.63
0.05
-0.97
0.35
-0.11
-0.05
0.20
-0.47
0.51
0.07
0.01
0.38
0.81
-0.54
-0.31
-0.54
-0.05
-0.27
0.04
0.01
-0.56
0.59
-0.02
-0.06
-0.27
1.46
-0.84
-0.06
-0.40
-0.00
-0.27
-0.08
-0.33
-0.02
0.43
0.07
0.17
-0.17
0.53
0.53
-0.22
-0.53
-0.64
-0.16
-0.28
0.41
-0.16
-0.15
0.39
-0.25
0.31
0.21
0.33
-0.15
-0.59
-0.38
0.21
-0.61
0.24
-0.01
-0.13
0.15
0.38
-0.27
0.00
0.76
-0.61
-0.24
-0.66
-0.13
-0.09
-0.08
0.19
0.35
-0.03
-0.05
0.07
0.18
0.50
-0.32
-0.53
-1.11
0.23
-0.01
0.32
0.26
-0.05
0.13
0.16
-0.07
0.05
0.50
-0.30
-0.68
-0.89
0.22
0.57
-0.08
0.39
-0.22
0.20
0.46
-0.29
0.37
0.55
-0.49
0.04
-0.88
-0.02
0.13
0.16
-0.03
-0.01
0.15
0.04
0.02
0.16
0.55
-0.55
-0.14
0.27
0.09
-0.17
0.41
-0.06
0.02
-0.01
-0.08
-0.07
-0.20
0.36
0.43
-0.17
0.52
-0.15
-0.03
0.38
-0.16
-0.19
0.24
-0.11
-0.13
-0.25
0.32
0.42
-0.33
0.47
-0.16
-0.26
0.53
0.09
0.19
-0.13
-0.06
0.36
-1.07
-0.26
0.04
0.07
0.03
-0.15
0.18
0.24
-0.01
0.05
0.17
-0.31
0.20
-0.20
-0.28
-0.14
0.08
0.68
-0.12
-0.20
0.71
-0.15
-0.26
0.53
-0.02
-0.29
-0.45
-0.24
0.29
-0.49
0.29
-0.44
0.00
0.38
-0.01
0.08
-0.06
0.30
-0.65
-0.63
-0.31
0.20
-0.21
0.33
-0.26
0.08
0.08
0.31
-0.23
0.05
0.84
-0.17
-0.31
-0.93
-0.06
0.44
-0.35
0.36
-0.43
0.14
0.81
0.18
-0.13
0.61
-0.30
-0.53
-1.15
0.35
-0.33
-0.18
0.16
-0.41
0.73
0.17
0.35
-0.11
1.06
-0.20
-0.46
-0.96
-0.34
0.11
-0.25
0.14
-0.35
0.18
0.16
0.01
0.29
0.71
-0.40
-0.17
-0.78
0.00
-0.18
-0.30
-0.01
0.52
-0.12
0.36
0.23
-0.71
1.24
-0.38
-0.46
-0.39
-0.75
-0.31
0.18
0.20
0.46
0.30
0.47
0.14
-0.17
1.12
-0.64
-0.33
-0.41
-0.56
-0.06
0.57
0.31
-0.32
0.84
0.20
-0.20
0.39
0.64
-0.49
-0.07
-0.64
0.05
0.10
0.34
-0.20
0.68
-0.01
-0.17
0.26
-0.08
-0.04
0.98
-0.43
-0.47
0.12
0.05
0.71
-0.07
0.09
0.04
-0.08
-0.07
-0.50
-0.20
0.85
-0.59
0.21
0.27
-0.04
0.87
-0.02
0.16
-0.18
0.01
0.58
-1.10
0.31
0.37
0.16
-0.10
0.15
0.06
0.10
0.33
0.09
0.28
-0.08
0.04
-0.01
-0.03
0.02
0.25
0.06
-0.00
-0.19
0.18
0.26
0.21
0.02
0.19
0.23
-0.13
-0.74
0.31
-0.07
-0.25
-0.05
-0.05
-0.37
0.32
-0.03
-0.02
0.21
0.11
-0.32
-0.42
-0.52
0.17
-0.20
0.23
-0.10
-0.13
0.09
-0.10
0.12
0.05
0.63
-0.74
0.13
-0.74
0.55
-0.15
0.26
0.06
-0.29
0.31
-0.03
-0.37
-0.02
0.72
-0.64
-0.38
-0.05
0.51
0.22
0.45
-0.70
0.96
-0.31
-0.06
-0.61
0.52
0.39
-0.79
0.11
-0.50
0.16
0.13
0.07
-0.05
-0.01
0.40
-0.21
0.14
0.22
0.28
-0.44
-0.20
-0.17
-0.09
-0.46
0.06
0.22
0.10
-0.02
0.55
-0.32
0.16
0.46
-0.67
-0.69
-0.65
0.35
-0.25
-0.09
-0.09
0.36
0.36
0.57
-0.20
-0.31
0.73
0.04
-0.49
-0.92
-0.56
0.06
-0.14
0.27
0.05
0.07
0.33
0.11
-0.20
0.59
0.21
-0.46
-0.48
-0.74
0.33
0.57
-0.08
0.21
0.02
0.22
0.21
-0.12
0.65
0.16
-0.39
-0.81
-0.31
0.77
-0.17
0.19
0.50
0.03
0.60
0.02
-0.02
0.77
-0.25
-0.43
-0.56
-0.08
0.04
0.03
0.34
-0.06
0.30
0.24
0.04
0.17
0.63
-0.01
-0.26
-0.13
-0.05
0.11
0.37
-0.13
0.43
0.29
-0.01
0.28
-0.44
0.74
-0.05
-0.22
0.04
0.12
-0.77
0.92
0.04
0.05
0.88
-0.24
0.34
-0.01
-0.16
-0.05
-0.11
0.12
-0.78
0.62
-0.19
-0.05
0.97
-0.51
0.24
0.48
0.04
-0.53
0.05
-0.31
-0.45
0.22
-0.35
0.13
0.16
0.21
-0.04
0.08
0.24
-0.02
-0.91
0.15
0.07
-0.27
-0.17
-0.20
0.17
-0.06
0.20
-0.46
-0.02
-0.25
-0.03
-0.44
0.36
-0.10
-0.27
-0.04
-0.05
0.00
-0.11
0.29
0.03
0.41
-0.44
-0.17
-0.61
-0.01
0.00
0.18
-0.05
-0.24
0.41
-0.02
-0.01
0.01
0.84
-0.50
-0.50
-0.34
-0.86
0.04
0.21
0.14
-0.08
-0.17
0.35
0.05
-0.06
0.35
0.76
-0.49
0.12
-0.92
0.48
-0.19
0.10
-0.17
-0.17
0.66
-0.17
-0.25
0.55
0.52
-0.43
-0.22
-0.70
0.18
0.13
0.31
-0.34
-0.10
-0.00
0.02
-0.29
0.23
0.66
-0.55
-0.12
-0.69
0.16
0.05
0.25
-0.69
0.53
-0.35
-0.43
0.27
-0.51
0.80
-0.36
-0.20
-0.10
0.49
-0.26
0.33
-0.31
-0.24
0.75
-0.77
-0.09
0.41
-0.11
-0.21
-0.24
-0.23
0.36
0.55
-0.03
0.24
-0.39
0.00
0.14
-0.56
0.31
0.62
-0.71
-0.33
-0.60
0.41
0.51
-0.34
0.53
0.07
0.07
0.27
0.33
-0.37
0.09
0.36
-0.98
0.00
-0.15
0.04
0.42
-0.11
0.46
0.14
0.38
0.54
-0.13
0.54
0.50
-0.16
-0.27
-0.12
0.08
-0.10
0.03
0.06
-0.05
0.34
0.17
-0.14
0.75
0.37
-0.24
0.08
0.10
-0.03
0.09
-0.03
-0.17
0.09
0.17
-0.33
0.16
-0.13
0.54
-0.39
0.51
-0.26
-0.12
0.55
-0.18
0.10
0.18
-0.02
0.22
-0.48
-0.38
-0.23
-0.34
0.42
-0.53
0.17
0.06
0.11
-0.05
0.00
0.54
0.12
-0.71
0.27
-0.07
-0.35
0.34
-0.45
-0.27
0.58
-0.66
0.63
0.63
0.94
-0.08
-0.67
-0.20
-0.06
-0.01
-0.01
-0.15
-0.27
0.47
0.10
0.15
-0.54
1.08
-0.33
-0.54
-0.36
-0.47
0.15
-0.33
0.02
0.17
0.01
0.07
0.08
-0.07
0.71
0.30
-0.49
-0.95
-0.25
-0.12
0.13
0.03
-0.41
-0.04
0.36
0.40
-0.56
0.69
0.21
-0.35
-0.58
-0.09
-0.12
-0.16
0.25
-0.39
-0.00
0.18
-0.15
0.09
0.82
0.02
-0.24
-0.42
-0.20
0.20
0.10
0.07
-0.04
-0.06
-0.00
-0.18
-0.11
0.66
-0.23
-0.15
-0.64
0.03
-0.01
0.14
0.21
0.09
0.17
0.13
-0.23
-0.00
0.31
-0.19
-0.42
-0.88
-0.88
-0.14
0.01
0.28
0.36
0.22
0.08
-0.11
-0.25
0.14
0.37
-0.41
-0.29
-0.55
-0.34
0.27
0.02
0.06
0.12
0.09
0.05
-0.08
0.21
0.97
-0.52
-0.08
0.04
-0.17
0.70
0.02
-0.01
0.00
0.14
-0.24
0.12
-0.19
0.36
-0.31
0.14
-0.04
0.38
0.02
0.41
0.09
0.05
0.60
-0.21
-0.08
0.09
0.32
-0.22
0.23
0.01
-0.05
0.39
0.33
0.51
0.01
0.32
0.15
-0.62
0.62
0.40
-0.39
0.24
0.26
-0.48
0.16
0.16
-0.07
0.13
0.08
-0.23
0.28
-0.57
-0.58
0.15
-0.17
0.28
-0.18
0.06
0.30
0.27
-0.10
0.21
0.08
-0.39
-0.47
-0.59
0.34
-0.17
0.31
-0.03
-0.26
0.22
0.16
-0.16
-0.05
0.54
-0.49
-0.60
-0.31
0.46
-0.13
0.21
-0.26
-0.21
0.29
0.08
0.15
0.48
0.22
-0.33
-0.78
-0.15
0.14
-0.15
0.43
-0.31
0.04
0.45
-0.21
-0.26
0.61
0.36
-0.62
-0.33
-0.47
0.04
-0.08
0.22
-0.15
0.12
0.44
0.03
-0.41
0.67
-0.12
-0.39
-0.80
-0.36
0.33
-0.34
0.24
-0.17
0.53
0.27
-0.06
-0.62
1.18
-0.11
-0.53
-0.18
-0.35
-0.02
0.07
-0.01
-0.01
0.27
-0.26
0.52
0.16
-0.37
1.01
-0.09
-0.66
-0.01
-0.37
-0.21
-0.01
-0.08
0.37
-0.24
0.21
0.35
-0.62
1.07
-0.07
-0.48
-0.23
-0.11
0.14
0.13
-0.24
-0.15
0.40
-0.40
-0.09
-0.27
0.66
-0.03
-0.43
-0.30
-0.21
0.11
0.02
0.04
0.05
-0.13
0.08
0.14
0.02
0.55
-0.57
0.22
-0.89
-0.16
0.07
0.12
0.39
-0.26
0.08
0.14
0.13
-0.24
0.75
-0.44
-0.12
-0.05
-0.21
0.02
-0.08
0.35
0.06
0.01
0.20
0.14
0.07
0.73
-0.05
0.03
-0.02
-0.02
-0.23
0.01
0.01
0.05
-0.00
0.18
0.07
-0.06
-0.08
0.15
0.09
-0.03
0.44
0.28
0.03
0.21
0.22
-0.15
-0.00
0.04
0.07
-0.84
0.01
-0.14
0.02
-0.29
0.12
0.22
-0.02
0.35
0.07
0.05
0.46
-0.38
-0.43
0.12
-0.25
0.07
0.15
-0.66
0.38
0.22
-0.14
0.02
-0.04
-0.31
-0.35
-0.20
0.44
-0.32
0.17
0.03
-0.36
0.31
0.09
0.18
-0.10
0.50
-0.83
-0.12
-0.55
-0.11
0.25
0.21
-0.12
-0.04
-0.04
0.08
0.31
-0.13
0.02
0.59
-0.71
-0.24
-0.51
-0.21
-0.46
0.30
-0.35
0.00
0.27
0.28
0.14
0.11
0.74
-0.41
-0.89
-0.40
0.28
-0.53
-0.14
-0.07
-0.13
0.45
0.25
-0.05
0.55
0.33
-0.37
-0.44
-0.55
0.39
-0.58
0.17
-0.27
-0.17
0.37
0.10
-0.29
0.59
0.53
-0.30
-0.27
-0.67
0.07
-0.00
0.02
0.12
0.17
0.04
0.01
-0.23
0.05
0.39
-0.61
-0.38
-0.46
0.56
-0.21
0.11
0.24
-0.41
0.33
-0.05
-0.21
0.84
0.01
-0.14
-0.15
-0.63
0.28
0.11
-0.23
0.16
0.08
0.23
0.17
-0.15
0.57
0.41
0.41
-0.67
-0.38
-0.02
-0.39
0.41
-0.09
-0.38
0.44
0.04
-0.04
-0.27
0.96
0.21
-0.61
0.15
0.42
-0.07
0.13
0.08
-0.67
-0.08
0.31
-0.63
0.43
0.30
-0.62
-0.07
0.28
-0.10
0.07
-0.11
-0.11
0.06
-0.10
0.00
0.08
-0.53
1.15
0.10
0.15
0.06
-0.32
0.27
0.10
0.13
0.23
-0.18
-0.03
0.03
-0.22
-0.07
0.09
-0.02
0.12
-0.20
0.25
0.35
0.09
0.45
-0.36
0.47
-0.24
-0.61
-0.23
-0.11
-0.10
0.09
-0.21
0.34
0.03
0.26
-0.18
0.00
0.64
-0.14
-0.46
-0.64
-0.12
0.00
-0.28
0.16
-0.09
-0.17
0.33
0.36
-0.10
0.59
-0.06
-0.28
-0.63
-0.22
-0.10
0.10
-0.11
-0.29
0.24
0.16
0.08
-0.13
0.80
-0.05
-0.60
-0.76
0.25
-0.13
-0.23
0.37
-0.15
0.11
0.41
-0.22
0.05
0.50
-0.39
-0.16
-0.63
-0.21
0.12
0.18
-0.04
0.15
-0.09
-0.02
0.01
0.02
0.87
-0.68
-0.05
-0.56
0.16
0.05
-0.08
-0.01
-0.02
0.51
-0.10
-0.19
0.25
0.50
-0.34
-0.01
-0.52
0.19
-0.07
-0.08
0.22
0.02
0.12
-0.01
-0.12
0.36
0.81
0.81
-0.65
0.00
-0.27
-0.19
-0.31
0.00
0.07
0.22
0.04
-0.16
0.29
0.18
0.12
-0.19
-0.41
-0.59
0.76
0.20
0.01
0.47
0.23
-0.11
0.35
-0.10
0.15
0.66
-0.87
-0.45
-0.76
0.09
0.57
0.04
0.30
0.08
-0.07
0.03
-0.13
0.09
0.33
-0.42
-0.37
0.17
-0.01
0.54
0.19
0.08
-0.05
-0.04
0.21
-0.49
0.19
0.26
-0.17
0.14
0.08
-0.10
0.48
0.42
0.17
0.12
0.15
0.15
-0.16
0.21
0.45
-0.02
0.24
-0.20
-0.16
0.45
0.01
0.21
0.19
0.26
0.37
-0.08
-0.08
-0.54
0.20
-0.71
0.69
-0.25
0.05
0.32
-0.04
0.23
-0.16
0.24
-0.10
-0.34
-0.17
-0.00
-0.00
0.34
-0.45
0.38
0.31
0.01
-0.06
0.30
-0.23
-0.80
-0.31
-0.17
-0.15
-0.14
0.21
-0.09
0.34
0.39
0.27
0.24
0.37
0.76
-1.16
-0.19
-0.52
-0.08
-0.12
0.35
-0.45
0.42
0.12
0.07
0.35
0.12
0.42
-0.67
-0.73
0.05
-0.17
-0.28
0.23
-0.22
-0.03
0.25
0.02
-0.18
0.99
-0.14
-0.43
-0.03
-0.29
-0.04
-0.07
0.41
-0.58
-0.16
-0.11
-0.36
0.74
0.74
0.45
-0.26
-0.17
-0.76
-0.60
0.42
0.09
0.20
0.16
-0.03
0.02
-0.13
-0.24
0.70
-0.26
-0.37
-0.80
-0.21
0.18
0.00
0.09
0.27
0.02
0.17
-0.10
-0.05
0.47
-0.23
-0.46
-0.71
-0.00
0.43
-0.16
0.03
0.05
0.09
0.13
-0.23
0.06
0.48
-0.01
-0.16
-0.84
0.09
0.36
0.21
0.12
0.13
-0.24
0.19
-0.13
-0.21
0.87
-0.48
-0.39
-0.80
0.26
0.25
0.18
0.48
-0.31
0.13
0.20
0.09
-0.13
0.33
-0.36
-0.29
-1.13
-0.14
0.24
0.20
0.14
0.33
0.16
0.17
0.18
0.18
0.89
0.89
-0.29
0.08
-0.26
0.03
0.51
-0.06
-0.02
0.19
-0.29
0.02
0.04
-0.47
1.41
0.24
0.20
-0.03
-0.17
0.38
-0.60
0.40
-0.14
-0.25
0.30
-0.52
0.39
-0.12
-0.28
0.53
-0.54
0.40
0.67
-0.68
0.69
0.30
-0.32
0.70
-0.40
-0.29
-0.05
-0.22
0.34
-0.27
-0.09
0.18
-0.08
0.30
-0.07
0.28
-0.06
-0.49
-0.48
0.20
-0.06
-0.25
0.07
-0.16
0.34
0.17
0.15
0.06
-0.07
-0.38
-0.06
-0.26
0.12
-0.16
0.17
0.06
-0.38
0.21
-0.14
0.07
0.02
0.41
0.33
-0.56
0.10
-1.54
0.35
-0.08
0.28
0.09
0.03
0.30
0.14
-0.10
0.23
0.29
-0.62
-0.53
-0.72
0.32
-0.21
0.07
0.03
-0.12
0.28
0.03
0.14
0.36
0.13
-0.24
-0.41
-0.64
0.39
-0.33
0.13
0.07
-0.19
0.10
0.11
-0.09
0.40
0.56
-0.77
-0.23
-0.31
-0.19
-0.38
0.39
-0.27
0.17
0.21
0.00
-0.26
0.93
-0.05
-0.40
-0.12
-0.41
-0.06
-0.21
-0.19
0.15
0.36
0.11
-0.10
-0.42
1.31
-0.01
-0.71
-0.02
-0.40
0.14
-0.30
-0.03
0.26
-0.01
0.09
0.57
-0.36
0.78
0.78
0.10
-0.49
-0.13
-0.54
-0.09
0.11
0.11
0.12
0.02
0.20
0.08
-0.06
0.63
-0.01
-0.33
-0.36
-0.67
0.27
-0.05
0.48
-0.03
0.11
0.02
-0.01
0.50
0.27
-0.15
-0.48
0.22
0.08
0.17
0.02
-0.06
0.03
-0.01
0.00
-0.23
-0.11
0.59
-0.22
0.08
0.38
-0.05
-0.07
0.27
0.10
0.18
0.22
0.24
-0.00
-0.22
0.34
-0.13
-0.29
0.24
-0.05
0.15
0.26
0.31
0.18
0.24
0.21
0.02
0.51
-0.11
0.24
-0.34
0.00
0.00
-0.21
0.39
0.22
-0.29
0.15
0.36
0.30
-0.32
-0.93
-0.02
-0.26
-0.22
0.40
-0.20
0.24
0.21
0.08
-0.19
0.26
-0.19
-0.31
-0.42
0.24
-0.44
0.17
-0.34
-0.15
0.16
0.32
-0.32
0.42
0.72
-0.49
-0.27
-0.45
-0.06
-0.51
0.10
-0.39
-0.03
0.29
0.09
0.17
0.39
0.96
-0.74
0.08
-0.61
0.11
-0.48
0.46
0.20
-0.65
0.13
0.07
-0.21
0.39
1.09
-0.75
-0.14
0.18
-0.10
-0.09
0.36
-0.23
-0.26
0.14
0.17
-0.40
0.50
0.62
-0.44
0.03
-0.20
0.33
-0.15
0.30
-0.24
-0.28
-0.09
0.45
-0.23
-0.49
0.45
0.16
-0.55
-0.15
-0.63
0.27
0.04
0.36
0.09
-0.04
0.09
0.08
-0.69
0.54
0.34
-0.17
-0.72
-0.60
0.36
-0.00
0.15
0.16
0.14
-0.07
0.20
-0.41
0.43
0.30
-0.59
-0.38
-0.73
0.51
0.32
0.15
0.13
-0.04
0.21
0.12
-0.19
0.33
0.51
-0.41
-0.57
-0.45
-0.05
-0.01
0.37
0.13
-0.13
0.18
-0.10
-0.27
0.36
0.23
-0.36
-0.08
-0.01
-0.29
0.25
-0.35
0.18
-0.11
-0.03
0.14
-0.45
0.74
0.32
-0.58
0.09
0.24
-0.37
0.32
0.55
-0.53
0.29
0.13
-0.54
-0.05
-0.05
0.36
0.01
0.08
0.16
-0.20
0.58
0.17
0.18
0.26
0.17
0.16
0.03
-0.34
-0.52
-0.14
-0.13
0.42
-0.25
-0.00
0.34
-0.07
0.37
-0.33
0.38
-0.04
0.05
-0.54
0.24
-0.01
-0.02
-0.18
0.15
0.50
-0.22
0.54
-0.05
0.01
-0.67
-0.12
-0.19
-0.24
0.17
0.63
-0.16
0.15
0.09
-0.07
0.57
0.08
-0.10
-0.46
-0.82
-0.20
0.17
-0.30
0.35
-0.29
0.12
0.49
0.08
0.28
0.81
-0.25
-0.54
-0.88
-0.26
0.00
-0.34
0.32
-0.48
0.19
0.18
-0.06
0.17
0.74
-0.13
-0.35
-0.35
-1.25
0.80
0.14
0.16
0.14
-0.52
0.20
0.22
-0.07
0.38
0.52
-0.43
-0.60
-1.02
0.49
-0.08
0.54
0.06
0.02
-0.14
0.16
-0.40
0.28
0.49
-0.59
-0.12
-0.69
0.30
-0.10
0.19
-0.06
0.17
-0.06
0.53
-0.44
0.54
0.51
-1.01
-0.15
-0.46
0.21
-0.56
0.30
0.18
0.45
-0.10
0.53
-0.32
0.42
0.90
-0.83
-0.29
-0.74
0.20
-0.33
-0.38
0.80
0.25
-0.27
0.74
-0.22
0.56
0.78
-0.83
-0.57
-0.65
0.27
0.23
0.85
-0.14
0.87
0.06
0.08
0.34
-0.05
0.23
-0.46
-0.83
-0.37
-0.02
-0.02
0.61
-0.26
0.66
0.22
0.28
0.08
0.16
0.44
0.57
-0.74
-0.04
-0.23
-0.25
0.44
-0.21
0.17
-0.07
0.54
0.21
-0.28
0.65
0.60
-0.33
0.33
-0.56
0.05
0.20
-0.04
0.14
-0.20
0.27
0.15
-0.23
0.27
0.16
-0.15
0.22
0.02
-0.08
0.14
-0.01
0.25
-0.11
0.14
0.21
-0.14
-0.57
0.42
-0.44
0.09
0.11
-0.31
0.53
-0.00
-0.05
0.00
0.45
-0.02
-0.17
-0.48
0.36
-0.47
0.66
-0.05
-0.19
0.31
-0.19
-0.02
0.23
-0.09
-0.42
-0.16
-0.17
-0.24
-0.00
0.25
0.25
-0.45
0.13
0.24
-0.09
0.31
1.18
0.03
-0.66
-0.28
0.33
0.11
-0.48
0.78
-0.58
0.02
0.51
-0.02
0.01
0.34
-0.02
-0.58
-0.41
-0.50
0.00
-0.12
0.41
-0.18
0.36
0.51
-0.13
-0.64
0.39
-0.46
-0.57
-1.03
-0.05
-0.51
-0.00
0.68
-0.17
-0.03
-0.26
-0.38
0.83
0.20
0.07
-0.34
-1.09
-0.18
-0.18
-0.21
0.24
-0.12
0.11
0.17
0.04
-0.18
0.64
0.12
-0.54
-0.60
-0.18
0.08
0.09
0.27
0.15
0.10
0.21
-0.15
0.13
0.41
-0.34
-0.28
-0.81
-0.00
-0.08
0.02
0.01
0.16
0.16
0.25
0.18
0.08
-0.01
0.56
-0.13
-0.41
-0.66
-0.16
0.32
-0.00
0.26
0.03
-0.03
0.19
-0.35
0.10
0.65
-0.36
-0.46
-0.18
-0.22
0.28
0.23
-0.17
0.30
-0.05
0.21
-0.02
-0.38
1.05
-0.27
-1.09
0.60
-0.28
0.06
0.60
-0.12
-0.31
0.78
-0.18
0.16
0.02
0.74
-0.48
0.03
0.04
-0.31
0.29
0.07
0.05
0.29
0.34
-0.20
0.23
0.34
0.62
0.04
-0.00
0.04
-0.38
0.50
-0.39
0.27
0.02
-0.33
0.45
-0.75
0.54
-0.54
0.21
-0.02
0.23
0.03
0.00
-0.05
0.06
-0.28
0.29
0.19
-0.31
-0.51
-0.92
0.03
-0.01
0.21
-0.04
-0.06
0.36
0.53
0.31
0.05
0.21
-0.80
-0.37
-0.80
-0.09
0.08
-0.01
-0.04
-0.17
0.20
0.23
0.22
0.05
0.73
-0.27
-0.51
-0.57
-0.08
-0.08
0.09
-0.20
-0.43
0.02
0.46
0.09
0.24
0.31
-0.40
-0.10
-0.68
0.09
-0.14
-0.18
0.24
0.02
0.19
0.22
-0.19
0.38
0.51
-0.44
-0.40
-0.75
0.32
0.32
-0.23
0.06
0.05
-0.53
-0.11
0.42
-0.61
0.61
0.50
-0.75
-0.12
-0.20
-0.10
-0.37
0.12
-0.46
0.47
-0.21
0.61
-0.40
0.47
0.68
-0.89
-0.40
-0.41
0.05
-0.62
0.23
1.03
-0.28
0.77
0.08
0.22
0.31
0.55
-0.91
-0.49
-0.54
-0.20
-0.43
0.25
-0.32
0.48
0.01
0.16
-0.16
0.67
0.18
-0.12
-0.88
0.43
-0.66
0.22
-0.19
0.17
-0.11
0.75
-0.35
-0.08
0.84
0.02
-0.42
-0.40
-0.82
0.34
0.23
0.20
-0.05
0.48
0.09
-0.13
0.16
0.30
0.39
-0.42
-0.67
-0.51
-0.08
0.05
-0.05
0.13
-0.13
0.09
0.24
-0.23
-0.23
0.73
-0.18
0.05
0.46
-0.26
0.15
-0.07
-0.03
0.21
-0.11
0.11
0.17
-0.24
0.49
0.22
-0.04
0.36
0.00
-0.06
0.42
0.10
0.02
0.11
-0.05
-0.08
-0.16
-0.07
-0.39
0.27
-0.04
-0.04
0.48
-0.02
0.25
0.06
0.16
-0.27
0.01
-0.73
0.06
0.14
-0.22
0.30
0.13
0.39
-0.22
0.74
-0.46
0.19
0.41
0.00
-0.83
0.08
-0.09
-0.26
-0.08
0.03
0.19
-0.14
0.39
0.20
-0.13
-0.59
-0.25
-0.26
-0.18
0.05
-0.15
0.42
0.42
-0.74
0.43
0.20
0.09
0.09
0.46
-0.37
0.16
-0.97
0.26
-0.12
-0.09
0.15
-0.13
0.10
0.00
-0.18
0.13
0.83
-0.33
-0.77
-0.62
0.22
-0.53
0.17
0.11
-0.22
0.52
0.45
-0.23
0.28
0.49
-0.28
-0.36
-0.69
-0.03
-0.22
0.08
0.21
-0.39
0.08
0.05
-0.15
0.17
0.73
-0.37
-0.32
-0.54
0.26
0.10
0.12
0.20
0.01
-0.03
-0.09
-0.17
0.12
0.52
-0.21
-0.52
-0.73
0.45
-0.10
0.14
0.05
-0.11
0.31
-0.16
-0.31
0.12
0.38
-0.77
-0.37
-0.32
0.28
-0.53
0.12
0.25
0.26
-0.02
0.37
-0.46
0.32
0.61
-0.99
-0.99
-0.19
-0.59
-0.16
0.21
0.13
0.21
0.13
0.09
0.23
-0.17
0.54
0.64
-0.95
0.21
0.24
-0.25
-0.00
-0.13
-0.39
-0.26
0.71
-0.27
-0.08
0.78
0.38
-0.45
0.01
-0.23
-0.05
0.15
0.03
0.14
0.04
0.23
0.07
-0.33
0.52
0.40
-0.00
0.27
-0.15
-0.09
0.21
0.07
0.61
-0.32
0.25
0.08
-0.29
0.98
0.28
-0.06
0.28
-0.30
-0.13
0.43
0.34
-0.13
0.10
0.02
0.21
0.50
-0.35
0.41
-0.79
0.49
-0.57
0.01
0.56
0.45
0.35
0.74
0.41
0.41
-0.67
-1.31
-0.48
-0.31
-0.57
0.17
-0.57
-0.24
0.28
0.05
0.17
0.13
0.08
-0.12
-0.92
0.25
0.30
-0.14
-0.24
-0.02
-0.09
-0.41
0.30
0.21
0.79
0.15
-0.05
-0.53
-0.46
0.30
-0.51
-0.27
-0.12
-0.04
-0.07
0.02
0.25
0.90
-0.09
-0.41
-0.51
-0.20
-0.25
-0.35
0.41
-0.41
0.38
0.06
0.44
-0.13
0.77
-0.30
-0.23
-0.30
-0.04
0.08
-0.20
0.08
-0.42
0.14
0.11
0.19
-0.23
1.12
0.26
-0.54
-0.35
0.24
-0.39
-0.08
-0.10
-0.05
0.16
0.66
-0.23
0.65
0.83
-0.59
-0.17
-0.55
-0.17
-0.15
-0.55
0.16
0.10
0.14
0.24
-0.08
-0.08
-0.38
0.64
-0.19
-0.52
-0.51
0.26
-0.13
-0.03
-0.05
0.10
0.45
-0.23
-0.17
0.16
0.48
-0.05
-0.58
-0.90
0.17
0.29
0.29
0.42
0.25
0.39
0.46
-0.01
0.17
0.73
-0.34
-0.69
-0.84
-0.47
0.00
0.14
-0.10
0.20
0.25
0.21
0.08
0.44
0.78
-0.06
-0.30
0.18
-0.37
-0.05
0.04
0.10
0.07
0.08
0.10
-0.21
0.26
0.44
-0.48
-0.08
0.18
-0.40
0.22
0.43
0.07
0.05
0.27
0.03
-0.39
0.29
0.43
-0.21
0.03
0.13
-0.10
0.28
0.28
0.13
0.17
0.17
0.34
0.11
0.09
-0.98
0.20
-0.50
-0.07
0.09
-0.34
-0.17
0.38
-0.13
-0.08
0.76
-0.31
-0.18
-0.67
0.67
-0.65
-0.01
0.10
-0.64
0.46
0.15
0.02
0.24
0.08
