-0.01
-0.01
-0.01
-0.01
-0.01
-0.01
-0.01
-0.01
-0.01
-0.01
-0.01
-0.01
-0.02
-0.01
-0.01
-0.00
-0.01
-0.01
-0.02
-0.01
-0.01
-0.01
-0.01
-0.01
-0.01
-0.01
-0.02
-0.02
-0.02
-0.02
-0.02
-0.02
-0.02
-0.01
-0.01
-0.02
-0.01
-0.02
-0.01
-0.02
-0.01
-0.01
-0.02
-0.02
-0.01
-0.01
-0.01
-0.01
-0.01
-0.01
-0.01
-0.02
-0.02
-0.01
-0.01
-0.01
-0.01
-0.01
-0.01
-0.01
-0.01
-0.02
-0.01
-0.01
-0.01
-0.01
-0.01
-0.01
-0.01
-0.01
-0.01
-0.02
-0.01
-0.01
-0.02
-0.01
-0.02
-0.01
-0.01
-0.01
-0.01
-0.01
-0.01
-0.02
-0.01
-0.01
-0.02
-0.01
-0.02
-0.01
-0.01
-0.01
-0.01
-0.01
-0.01
-0.01
-0.02
-0.02
-0.02
-0.01
-0.01
-0.01
-0.01
-0.02
-0.01
-0.01
-0.01
-0.01
-0.01
-0.01
-0.01
-0.02
-0.02
-0.01
-0.01
-0.01
-0.01
-0.01
-0.01
-0.01
-0.02
-0.02
-0.01
-0.01
-0.01
-0.02
-0.01
-0.01
-0.01
-0.02
-0.01
-0.01
-0.01
-0.01
-0.01
-0.01
-0.01
-0.01
-0.02
-0.01
-0.01
-0.01
-0.01
-0.01
-0.01
-0.01
-0.01
-0.01
-0.02
-0.01
-0.01
-0.01
-0.01
-0.01
-0.01
-0.01
-0.01
-0.01
-0.01
-0.02
-0.01
-0.01
-0.01
-0.01
-0.01
-0.01
-0.02
-0.01
-0.01
-0.01
-0.01
-0.02
-0.02
-0.02
-0.02
-0.02
-0.02
-0.01
-0.01
-0.00
-0.01
-0.01
-0.01
-0.02
-0.02
-0.02
-0.01
-0.01
-0.01
-0.01
-0.01
-0.01
-0.01
-0.01
-0.01
-0.02
-0.03
-0.02
-0.02
-0.02
-0.02
-0.02
-0.01
-0.02
-0.02
-0.02
-0.02
-0.02
-0.02
-0.03
-0.03
-0.03
-0.02
-0.02
-0.02
-0.02
-0.01
-0.02
-0.02
-0.02
-0.03
-0.01
-0.02
-0.03
0.00
0.04
-0.00
-0.01
-0.02
-0.04
-0.00
-0.00
-0.01
0.01
0.01
0.01
-0.01
-0.01
-0.01
-0.01
-0.02
-0.02
-0.01
-0.01
-0.01
-0.01
-0.02
-0.03
-0.03
-0.04
-0.04
-0.04
-0.05
-0.04
-0.04
-0.03
-0.04
-0.03
-0.03
-0.02
-0.01
-0.02
-0.03
-0.03
0.03
0.16
-0.09
0.11
0.13
0.10
0.15
0.55
0.36
0.50
-0.57
-1.03
-0.21
1.15
-0.11
1.64
2.33
2.22
-0.38
0.17
-0.38
-0.39
-1.43
-1.48
-0.83
-1.70
-0.39
0.29
-0.04
-0.19
0.11
1.25
1.25
0.74
0.74
1.11
-0.08
0.16
-0.91
-0.54
-0.87
0.13
0.51
0.38
0.32
0.11
0.29
0.20
-0.56
-0.29
-0.12
-0.28
0.33
0.09
0.37
0.42
0.26
0.84
0.36
-0.07
0.00
-0.33
-0.22
0.21
-0.15
-0.15
-0.30
-0.33
-0.14
-0.07
-0.09
-0.39
0.49
0.22
0.01
0.54
-0.27
-0.08
0.19
-0.44
-0.50
-0.67
-0.03
-0.57
0.26
0.04
0.04
0.01
0.49
0.04
0.07
0.16
-0.16
0.13
-0.16
-0.07
0.03
0.27
-0.35
-0.19
-0.38
-0.01
-0.08
-0.07
0.49
0.21
0.19
-0.10
0.41
0.34
0.19
0.52
0.08
-0.10
-0.35
0.05
-0.10
-0.33
-0.39
-0.65
0.22
0.40
0.26
0.57
0.77
0.09
0.13
-0.09
0.03
-0.41
-0.05
-0.09
-0.53
-0.14
-0.19
-0.03
0.39
0.19
0.09
-0.06
-0.07
0.16
-0.46
0.00
-0.08
0.15
-0.23
0.00
-0.05
0.18
0.04
-0.17
-0.01
-0.08
0.02
-0.70
0.03
-0.32
-0.36
0.38
0.29
-0.08
0.82
0.48
-0.03
0.19
0.18
-0.23
-0.25
0.03
-0.24
-0.04
-0.04
0.08
0.10
-0.11
0.72
0.30
-0.00
0.18
-0.28
-0.15
-0.07
-0.07
0.22
0.02
0.27
0.66
-0.17
0.86
0.31
0.23
-0.36
-0.62
-0.37
0.04
-0.83
-0.05
-0.07
-0.28
0.06
0.19
0.67
0.38
-0.06
-0.16
-0.28
-0.06
-0.56
-0.57
-0.05
-0.48
-0.30
0.16
-0.02
0.39
-0.01
0.11
-0.29
-0.32
0.47
-0.38
-0.78
0.13
0.01
0.04
-0.01
0.02
-0.19
0.06
-0.46
-0.04
-0.01
-0.25
-0.62
0.09
0.17
-0.36
0.16
0.21
0.11
-0.32
0.20
0.31
-0.09
-0.09
-0.50
0.09
0.01
-0.62
-0.18
0.11
0.19
-0.00
-0.12
0.41
-0.12
-0.30
0.13
-0.13
0.01
0.14
0.04
0.01
-0.15
-0.14
0.34
-0.27
0.02
0.13
-0.35
0.23
-0.30
-0.14
-0.04
-0.19
0.15
0.53
-0.20
0.00
-0.49
0.07
0.02
-0.27
-0.11
-0.19
0.10
-0.21
0.15
0.02
0.67
-0.26
-0.06
-0.31
0.01
-0.15
-0.43
0.18
-0.35
-0.18
0.18
0.12
0.23
0.56
-0.18
-0.05
-0.31
-0.11
-0.25
-0.11
-0.04
-0.41
0.33
0.10
-0.02
0.55
0.03
0.10
-0.03
-0.86
-0.86
-0.11
-0.12
-0.49
0.35
0.55
-0.30
1.00
0.05
0.31
0.77
-0.20
-0.07
-0.38
-0.29
-0.52
-0.31
0.38
0.18
0.31
0.48
0.54
0.58
0.48
0.01
-0.05
-0.35
-0.05
0.16
-0.45
-0.35
-0.33
0.15
0.36
0.01
1.03
0.68
-0.12
-0.03
0.04
-0.52
-0.16
-0.37
-0.28
-0.56
-0.04
0.27
-0.17
0.62
0.62
-0.13
-0.19
-0.24
-0.46
-0.01
0.11
-0.25
-0.20
0.39
0.09
0.14
0.63
0.10
-0.11
-0.24
0.08
-0.36
-0.12
-0.13
-0.01
-0.01
-0.13
0.24
0.32
0.13
0.70
0.11
-0.22
0.17
-0.24
-0.11
-0.04
-0.25
-0.22
-0.10
0.19
-0.06
-0.23
0.04
0.06
-0.46
0.16
0.02
-0.26
0.01
-0.07
-0.09
0.13
0.30
-0.21
-0.16
0.04
-0.28
-0.21
0.22
-0.61
-0.18
0.18
-0.18
-0.09
0.34
0.19
-0.06
-0.77
0.33
0.24
-0.61
0.20
-0.13
0.18
-0.12
0.05
-0.14
-0.02
-0.04
0.03
-0.23
-0.24
-0.13
-0.35
0.30
-0.27
-0.24
0.12
0.11
0.02
0.53
-0.06
-0.24
-0.05
0.06
-0.27
0.07
0.12
-0.12
0.10
0.10
0.10
-0.05
0.12
0.22
-0.54
0.03
-0.29
-0.16
-0.16
-0.20
0.28
-0.41
0.02
0.31
-0.08
-0.08
0.38
-0.30
-0.60
-0.37
0.08
-0.45
0.00
0.48
0.12
-0.11
-0.24
0.06
0.29
0.41
0.01
0.03
-0.50
0.20
-0.18
-0.16
0.03
-0.31
0.02
0.19
-0.15
0.17
0.60
-0.17
0.08
-0.15
-0.13
-0.09
-0.03
0.04
0.00
0.07
0.18
-0.16
0.37
0.47
-0.24
0.04
-0.26
-0.27
-0.21
0.15
0.16
-0.06
-0.06
0.43
0.20
0.02
0.38
0.05
-0.13
-0.05
-0.31
-0.35
-0.15
0.21
-0.00
-0.00
0.38
0.09
0.34
0.32
0.61
-0.08
0.08
-0.12
-0.62
-0.07
0.20
0.35
-0.34
0.51
0.42
0.19
0.73
0.46
-0.25
-0.29
-0.05
-0.39
-0.18
0.08
-0.01
0.11
0.36
0.36
-0.02
0.36
0.37
-0.32
-0.37
0.17
0.27
-0.18
-0.08
-0.07
-0.07
0.06
0.03
0.20
0.50
0.00
-0.52
-0.06
-0.11
-0.32
-0.15
0.00
-0.01
-0.01
0.18
0.18
0.16
-0.41
-0.05
-0.00
-0.67
-0.03
-0.02
0.06
0.12
-0.01
0.13
0.36
0.43
-0.60
0.14
-0.31
-0.41
-0.83
0.15
-0.25
-0.24
0.13
-0.21
0.16
0.39
0.15
0.15
-0.13
-0.50
-0.35
-0.31
-0.19
-0.70
0.13
-0.17
-0.50
-0.09
0.80
0.22
0.03
-0.07
0.08
0.05
-0.15
0.21
-0.10
-0.14
-0.14
0.01
-0.53
0.61
-0.14
-0.05
0.47
-0.29
-0.38
0.38
0.26
-0.44
-0.32
-0.14
0.42
0.00
0.26
0.28
-0.12
-0.61
-0.01
-0.24
-0.82
-0.27
-0.27
-0.22
0.33
0.31
0.27
0.35
0.70
-0.12
0.03
-0.57
0.12
-0.21
-0.49
-0.04
-0.02
-0.23
0.22
0.28
0.15
0.63
-0.02
-0.04
-0.17
0.12
-0.23
-0.23
-0.12
-0.06
0.33
-0.20
-0.11
0.28
0.39
-0.10
-0.22
-0.38
0.16
-0.14
0.25
-0.06
0.00
-0.08
0.09
-0.03
-0.10
0.25
-0.24
-0.35
-0.48
0.18
0.05
0.19
0.08
0.17
0.17
0.16
0.07
0.22
0.26
-0.27
-0.41
-0.50
-0.21
0.45
0.28
-0.25
-0.11
0.32
0.12
-0.03
0.51
0.50
0.50
-0.27
-0.17
-0.24
-0.35
0.15
-0.06
-0.02
-0.01
0.25
0.47
-0.33
-0.08
0.59
-0.33
-0.00
0.24
0.05
0.24
-0.36
-0.05
0.18
0.08
-0.03
-0.10
0.10
-0.29
-0.47
0.42
-0.06
-0.57
0.28
0.16
0.29
0.14
0.12
0.18
0.09
-0.32
0.00
-0.56
0.12
0.05
0.05
0.15
0.01
-0.05
0.15
0.26
0.06
-0.12
-0.23
-0.20
-0.82
0.19
0.12
-0.18
0.17
0.07
0.27
0.33
0.08
-0.14
-0.17
-1.16
0.05
-0.25
0.03
0.03
-0.26
-0.14
0.10
0.10
0.31
0.25
0.06
-0.02
-0.41
-0.52
0.04
-0.58
-0.30
0.08
0.29
0.07
-0.40
-0.44
0.33
0.49
0.05
-0.51
-0.20
0.19
-0.46
-0.16
0.03
-0.22
-0.51
0.29
0.27
0.55
-0.11
0.01
-0.22
-0.22
-0.14
-0.55
0.33
0.06
-0.15
0.07
0.33
0.26
0.44
0.38
0.02
-0.15
-0.18
-0.03
-0.44
-0.34
-0.34
-0.03
0.25
0.25
0.04
0.65
0.42
-0.13
-0.07
0.10
-0.14
-0.31
0.07
-0.12
-0.11
0.09
0.07
-0.09
0.48
0.48
0.15
-0.14
0.03
-0.34
0.07
-0.29
0.50
-0.18
-0.31
0.27
-0.22
-0.33
0.45
-0.12
-0.08
-0.18
0.05
-0.12
0.31
0.05
-0.25
0.21
0.07
-0.23
0.09
0.37
-0.17
-0.29
-0.10
0.02
0.05
-0.04
0.09
-0.07
-0.20
0.08
0.24
-0.26
0.23
0.33
-0.17
-0.23
-0.35
0.03
-0.13
-0.34
0.08
0.50
-0.05
-0.08
0.30
0.56
-0.22
-0.36
-0.16
-0.11
0.01
-0.36
-0.18
0.08
-0.25
0.04
0.17
-0.01
0.30
-0.12
0.09
-0.07
-0.00
0.01
0.01
-0.07
-0.05
-0.10
-0.03
0.00
0.01
-0.29
-0.06
-0.16
-0.17
0.27
-0.21
-0.01
0.29
0.14
0.03
0.14
0.06
-0.09
-0.20
-0.33
-0.39
0.04
-0.18
-0.03
0.40
0.05
0.30
0.37
0.02
-0.33
-0.46
-0.63
-0.15
-0.53
-0.41
-0.04
0.10
-0.06
0.42
0.49
-0.13
0.22
-0.48
-0.17
-0.49
-0.45
-0.21
0.09
-0.75
-0.34
0.30
0.22
0.19
0.73
0.01
-0.18
-0.03
-0.16
-0.12
-0.89
-0.37
-0.22
-0.32
-0.19
-0.01
-0.13
0.59
0.59
0.19
-0.15
-0.12
-0.36
-0.03
0.01
0.19
0.08
-0.69
0.16
0.51
-0.20
0.38
0.60
-0.08
-0.52
-0.17
0.09
-0.55
-0.30
-0.02
0.22
0.29
0.09
0.12
0.42
-0.01
-0.11
-0.26
-0.33
-0.14
-0.31
0.00
0.02
0.02
0.41
0.07
0.05
0.51
-0.05
0.00
-0.27
-0.41
-0.21
-0.39
0.20
0.42
0.00
0.04
0.23
0.36
0.10
-0.07
0.04
-0.40
-0.53
-0.40
0.28
0.30
0.27
0.29
0.27
0.24
0.43
0.31
0.08
-0.30
-0.50
-0.50
-0.26
0.13
-0.23
-0.07
0.44
0.36
0.15
-0.09
0.35
0.62
-0.07
-0.34
0.20
-0.29
-0.05
0.05
-0.05
0.05
0.01
0.04
-0.03
0.30
0.64
-0.09
-0.33
0.30
-0.15
-0.24
-0.38
-0.40
-0.01
0.14
-0.20
-0.24
0.53
0.51
-0.40
-0.00
0.15
-0.35
-0.13
0.09
-0.05
-0.01
0.00
0.11
-0.06
0.01
0.11
-0.34
-0.48
0.28
-0.09
-0.22
0.34
0.11
-0.21
0.36
0.02
-0.10
-0.39
0.03
-0.24
-0.24
-0.28
0.26
-0.50
0.29
-0.00
0.24
-0.08
-0.06
-0.10
-0.35
0.15
-0.18
-0.57
0.19
-0.12
-0.07
0.36
0.17
0.42
-0.05
0.17
-0.12
-0.15
-0.66
-0.11
0.01
-0.52
-0.38
0.35
0.41
-0.11
0.22
0.47
0.34
-0.62
-0.25
-0.21
-0.11
-0.43
0.04
0.22
-0.13
-0.14
-0.02
0.34
0.39
0.21
0.04
-0.40
-0.19
-0.18
-0.66
-0.08
-0.11
-0.12
-0.02
0.10
0.02
0.30
0.06
-0.27
-0.27
-0.20
0.05
-0.51
-0.11
-0.16
-0.15
0.51
0.15
0.06
0.44
0.15
-0.27
0.10
-0.35
-0.20
-0.74
-0.16
-0.16
-0.01
0.12
0.45
0.07
0.24
0.82
0.08
-0.52
0.27
-0.19
-0.39
-0.35
-0.01
-0.08
0.13
0.72
0.18
0.23
0.96
0.07
-0.19
0.32
-0.52
-0.47
-0.50
0.09
0.11
0.01
0.19
0.65
0.71
0.60
0.12
0.25
-0.05
-0.45
-0.57
-0.28
0.46
0.07
-0.01
0.58
0.27
0.21
0.66
0.10
0.12
-0.12
-0.53
-0.19
-0.05
-0.28
0.08
0.21
0.39
0.28
0.24
0.50
0.04
0.10
-0.08
-0.32
-0.23
-0.16
0.18
-0.06
-0.01
0.43
0.14
0.19
0.74
0.74
-0.13
-0.32
-0.02
-0.41
-0.02
-0.32
-0.15
0.13
-0.16
0.15
0.18
0.18
0.03
0.22
-0.40
-0.20
-0.30
-0.06
-0.27
-0.14
-0.01
-0.15
0.11
0.13
-0.00
0.24
-0.58
0.01
0.01
-0.53
0.13
0.30
-0.09
-0.36
0.40
0.43
-0.37
-0.20
-0.07
-0.15
-0.55
-0.01
-0.37
-0.28
0.28
-0.28
-0.16
0.31
-0.00
-0.16
-0.33
0.00
-0.34
0.08
0.13
-0.88
0.09
0.38
-0.38
0.15
0.38
-0.22
-0.23
-0.35
0.06
-0.36
-0.22
0.25
-0.33
0.16
0.02
0.03
0.12
0.07
0.10
-0.26
-0.35
-0.27
0.20
-0.35
0.18
0.26
-0.48
0.29
0.18
-0.19
0.39
0.21
-0.14
-0.17
-0.27
-0.34
-0.30
-0.12
0.04
-0.10
0.30
0.26
-0.02
-0.04
0.47
-0.15
-0.29
-0.27
0.36
-0.35
-0.47
-0.10
0.24
0.06
0.12
0.09
0.40
0.10
-0.49
-0.21
0.14
-0.08
-0.31
0.63
-0.44
0.31
0.34
-0.22
-0.02
0.58
-0.06
-0.19
-0.08
-0.27
-0.67
-0.54
0.05
0.40
0.30
0.01
0.18
0.19
0.31
0.27
-0.19
-0.00
-0.53
-0.18
-0.30
-0.30
0.15
0.14
0.30
0.43
0.48
0.23
0.49
0.33
-0.26
-0.20
-0.24
-0.10
-0.13
0.02
0.28
0.17
0.36
0.28
0.04
0.46
0.07
-0.17
0.05
-0.01
0.03
-0.12
-0.10
0.16
0.05
0.15
0.33
0.02
0.25
0.42
-0.14
-0.11
-0.54
-0.08
-0.08
0.01
0.43
-0.07
0.21
0.39
0.21
0.45
-0.45
-0.23
-0.21
-0.45
-0.32
-0.15
-0.08
-0.04
0.36
0.00
-0.22
0.24
0.06
0.45
-0.26
-0.42
0.17
0.05
0.04
-0.33
-0.04
0.01
-0.01
-0.05
-0.25
-0.28
0.12
-0.12
-0.44
0.27
0.19
0.07
-0.10
0.29
0.52
0.04
-0.28
-0.33
-0.27
-0.06
-0.24
-0.25
-0.03
-0.26
0.07
-0.11
-0.11
0.08
0.51
-0.21
-0.05
-0.46
-0.01
0.02
0.00
0.25
-0.16
-0.07
-0.13
0.16
0.22
0.76
-0.13
-0.02
-0.46
-0.56
-0.19
-0.46
-0.25
-0.24
-0.04
0.17
0.38
0.30
0.22
-0.19
0.00
-0.40
-0.42
-0.38
-0.50
-0.45
-0.49
-0.23
0.74
0.33
0.78
0.68
-0.17
-0.23
0.01
-0.52
-0.43
-0.05
-0.61
-1.04
0.38
0.51
0.80
0.80
0.68
0.34
-0.07
-0.11
-0.28
-0.46
-0.82
-0.39
0.29
0.13
0.38
0.45
0.28
0.43
0.31
-0.02
-0.15
-0.22
0.22
-0.49
-0.20
-0.10
-0.06
0.24
-0.09
0.05
0.66
0.15
0.12
-0.10
-0.01
0.42
-0.14
-0.43
0.08
-0.02
-0.14
0.18
0.02
0.29
0.28
-0.15
-0.11
-0.13
0.17
0.11
-0.11
0.26
0.02
0.15
0.08
-0.05
0.46
-0.00
-0.14
-0.19
-0.34
0.32
0.04
-0.29
0.63
0.19
-0.06
0.22
0.21
0.49
-0.11
0.02
0.13
0.13
-0.32
-0.35
0.30
0.32
0.33
0.14
0.33
0.54
0.25
0.38
0.20
-0.53
-0.78
-0.25
0.06
-0.29
-0.12
0.28
0.08
0.13
0.64
0.33
-0.06
-0.03
-0.66
0.00
-0.48
-0.39
-0.10
0.16
-0.07
0.26
0.41
0.21
-0.17
0.23
-0.38
-0.37
0.26
-0.29
-0.11
-0.18
0.01
0.04
-0.16
0.08
0.05
-0.13
0.27
0.34
-0.13
0.36
-0.07
-0.17
-0.14
-0.17
-0.03
-0.37
0.21
-0.32
-0.64
0.06
0.12
0.03
0.25
-0.21
0.89
0.16
-0.23
0.18
0.13
-0.03
-0.25
-0.25
-0.21
-0.15
-0.20
-0.11
-0.26
0.09
-0.03
0.07
0.24
-0.04
0.36
-0.27
-0.76
-0.07
-0.21
-0.33
-0.50
-0.09
0.16
-0.35
0.54
0.34
-0.12
0.12
-0.12
-0.28
-0.68
-0.10
-0.29
-0.31
0.21
-0.14
0.28
0.47
-0.40
-0.01
0.48
-0.24
0.05
-0.38
0.23
-0.65
-0.33
0.57
0.15
0.88
-0.03
-0.01
0.52
0.07
-0.26
-0.33
-0.56
-0.08
-0.67
-0.31
0.14
0.09
0.20
0.51
0.21
0.56
0.50
-0.03
0.26
-0.18
0.14
-0.41
-0.27
-0.26
-0.40
0.15
-0.01
-0.07
0.88
0.33
-0.07
0.38
0.26
0.26
-0.52
0.15
-0.17
-0.11
-0.14
0.37
-0.02
-0.12
0.39
0.19
-0.18
-0.04
-0.33
-0.53
0.04
0.08
-0.03
0.06
0.14
0.28
0.11
0.32
0.32
-0.16
-0.29
-0.17
-0.17
-0.19
-0.14
0.29
0.01
-0.08
0.45
0.12
0.05
0.51
-0.23
0.10
-0.04
-0.43
-0.06
-0.19
-0.17
-0.33
-0.08
0.05
-0.12
0.06
0.31
-0.10
-0.22
-0.04
-0.01
-0.17
-0.17
0.06
-0.01
0.06
0.28
0.02
-0.15
-0.12
-0.05
0.14
-0.03
-0.04
-0.07
0.15
0.03
-0.17
0.07
0.07
-0.22
0.07
0.07
-0.06
-0.46
-0.05
-0.12
-0.14
-0.04
-0.21
-0.00
-0.09
-0.03
-0.14
0.08
0.27
-0.07
-0.43
0.31
-0.30
-0.33
0.03
0.21
-0.32
0.68
-0.31
0.25
-0.16
-0.11
0.28
-0.67
0.06
-0.13
-0.32
0.03
-0.19
0.17
0.66
-0.03
0.00
-0.18
-0.03
0.02
-0.58
0.03
-0.33
-0.15
0.01
0.08
0.29
0.66
-0.02
-0.08
-0.13
0.05
-0.39
-0.40
0.06
-0.46
-0.28
0.17
0.03
0.41
0.34
-0.23
-0.07
-0.07
-0.30
0.26
-0.19
-0.39
0.19
-0.23
0.05
0.40
-0.25
-0.02
0.51
-0.15
-0.15
-0.25
0.04
-0.14
-0.14
0.05
-0.15
-0.02
0.25
-0.09
0.02
0.46
-0.04
-0.06
-0.30
-0.10
-0.05
-0.09
0.03
0.50
-0.44
0.41
0.06
-0.08
0.58
-0.32
-0.18
-0.02
-0.06
0.44
-0.59
-0.47
0.30
0.23
0.17
-0.24
0.19
0.71
-0.26
-0.19
-0.33
-0.14
-0.15
-0.18
-0.02
-0.31
-0.17
0.20
0.01
0.39
0.16
0.11
0.02
0.05
-0.03
-0.10
-0.35
0.12
0.12
0.13
-0.07
0.10
0.05
0.18
0.29
-0.17
-0.08
0.17
-0.03
0.24
0.22
-0.10
0.06
0.24
-0.05
-0.05
0.49
-0.08
-0.39
0.02
-0.09
-0.15
0.29
0.16
0.11
0.56
0.21
0.17
0.24
-0.14
-0.23
-0.37
-0.09
-0.14
-0.07
-0.24
0.27
0.31
-0.18
0.70
-0.30
-0.22
0.11
-0.18
-0.40
0.22
-0.13
-0.13
0.12
-0.08
0.72
-0.54
-0.00
-0.00
0.17
-0.19
-0.09
0.01
0.12
-0.72
-0.10
-0.10
-0.21
0.02
0.03
0.00
-0.46
-0.06
0.10
0.10
0.20
-0.57
0.29
0.14
-0.02
-0.32
0.02
0.11
0.50
-0.02
-0.20
-0.33
-0.06
-0.11
-0.48
0.20
-0.17
-0.07
-0.11
-0.01
0.05
0.55
-0.00
-0.06
-0.18
0.01
-0.40
-0.03
0.35
-0.19
-0.15
0.24
-0.06
0.33
0.58
-0.31
-0.28
-0.29
-0.38
-0.20
-0.51
0.02
-0.05
0.73
0.09
0.11
0.50
0.50
-0.24
-0.17
-0.10
-0.14
-0.56
-0.45
0.16
-0.06
0.49
0.02
0.23
0.55
0.41
0.22
0.02
-0.19
0.40
-0.09
-0.80
-0.82
0.03
0.18
-0.27
0.07
0.31
0.28
0.53
0.28
-0.06
-0.27
-0.08
-0.13
0.04
0.10
0.22
0.16
0.11
0.10
0.28
0.32
0.03
-0.07
-0.57
-0.28
-0.16
-0.14
-0.14
-0.08
0.19
0.19
-0.06
0.14
0.39
-0.05
-0.25
0.14
-0.59
0.20
0.34
0.04
-0.17
0.59
0.40
-0.18
0.52
0.70
-0.20
-0.36
-0.29
-0.24
-0.13
-0.29
0.06
-0.19
0.25
0.21
-0.13
0.67
0.25
-0.24
-0.13
0.07
-0.29
-0.42
0.28
0.29
-0.59
0.28
0.32
-0.31
0.66
-0.25
-0.03
0.06
-0.07
-0.04
-0.24
-0.04
-0.11
0.01
-0.12
-0.01
-0.32
-0.48
0.15
0.19
-0.50
-0.02
0.27
-0.10
-0.10
0.12
-0.21
0.08
0.25
-0.35
-0.18
-0.38
-0.12
-0.46
-0.16
-0.11
-0.26
-0.17
-0.04
0.29
0.19
0.11
-0.19
-0.19
-0.17
0.18
-0.36
0.05
-0.40
-0.16
0.48
-0.23
-0.36
0.63
0.15
-0.27
0.02
-0.09
-0.21
-0.53
0.02
-0.29
-0.11
0.09
0.06
0.08
0.68
-0.39
-0.02
-0.39
-0.22
0.16
-0.33
0.07
0.11
-0.20
0.27
0.10
0.38
0.37
-0.40
-0.27
-0.33
-0.21
-0.23
-0.64
-0.64
0.09
0.07
-0.17
0.42
0.45
-0.21
-0.12
0.01
-0.18
-0.22
-0.44
-0.27
-0.36
0.10
0.49
-0.13
0.11
0.50
0.24
0.47
0.59
-0.33
-0.15
-0.03
-0.26
-0.42
-0.14
0.11
-0.11
-0.15
0.13
0.10
0.28
0.25
0.04
-0.03
0.37
-0.05
0.04
-0.23
0.05
-0.12
-0.12
-0.18
0.08
0.18
-0.03
-0.17
-0.00
-0.13
0.22
0.44
0.02
0.05
0.09
-0.13
-0.24
-0.21
0.55
-0.03
-0.39
-0.04
-0.11
-0.16
0.01
0.04
0.07
0.12
0.42
0.10
0.29
0.82
0.11
0.11
-0.28
-0.39
-0.31
0.12
-0.20
-0.15
0.10
0.45
0.07
0.34
0.44
0.20
-0.15
-0.17
-0.31
0.11
0.29
0.07
-0.06
-0.03
0.38
0.32
-0.09
0.23
0.13
-0.35
-0.03
-0.37
-0.54
0.15
-0.11
-0.19
-0.11
0.36
0.23
-0.29
0.00
0.01
-0.46
0.16
-0.01
-0.43
0.41
-0.28
-0.15
0.01
0.04
0.09
-0.04
-0.05
0.14
-0.49
0.03
-0.00
-0.11
0.12
-0.05
0.09
-0.05
0.19
-0.32
-0.05
-0.13
-0.07
-0.52
-0.01
-0.01
0.03
-0.24
0.18
0.16
0.21
0.04
0.32
-0.07
-0.46
0.06
0.04
-0.22
0.15
-0.84
-0.36
0.18
-0.09
-0.02
0.47
0.64
-0.18
-0.46
0.02
0.01
-0.80
-0.26
0.22
-0.32
-0.16
0.26
-0.07
0.26
0.33
-0.06
-0.27
-0.08
0.04
-0.43
0.03
-0.25
-0.13
0.12
0.13
-0.10
0.41
0.10
-0.18
-0.39
-0.01
-0.10
-0.55
0.18
-0.11
0.15
0.13
-0.15
-0.02
0.44
-0.04
-0.15
-0.06
-0.59
-0.02
-0.04
-0.07
0.03
0.12
0.17
-0.16
-0.00
-0.00
0.28
-0.24
-0.06
-0.29
-0.50
-0.38
-0.17
0.59
0.23
0.05
0.20
0.30
-0.03
0.28
-0.16
-0.25
-0.42
-0.04
0.21
0.36
-0.23
0.02
0.73
0.37
0.25
0.37
-0.02
0.16
-0.06
-0.71
0.09
0.20
-0.26
-0.32
0.51
0.44
-0.30
0.26
0.58
0.43
0.11
-0.12
-0.26
-0.44
-0.12
0.01
0.14
0.16
0.16
0.26
0.37
0.13
0.51
0.21
-0.32
-0.07
-0.25
-0.15
-0.25
-0.18
-0.14
-0.04
0.05
0.04
0.37
0.55
-0.15
0.28
0.28
-0.08
-0.57
0.17
0.07
-0.12
-0.11
0.35
0.02
-0.27
-0.29
-0.41
-0.26
-0.06
-0.00
-0.10
0.11
0.12
0.15
0.24
0.27
0.13
0.06
-0.64
-0.09
-0.57
-0.24
0.08
-0.18
0.07
0.44
0.31
0.36
0.48
-0.09
-0.04
-0.68
-0.07
-0.04
-0.45
0.08
0.18
0.37
0.10
0.22
0.02
0.12
-0.17
-0.25
-0.60
0.23
-0.38
-0.45
0.01
-0.27
0.27
0.16
0.10
0.50
0.28
-0.14
0.15
-0.41
-0.20
-0.26
-0.23
-0.18
-0.39
-0.09
-0.07
0.05
0.53
0.42
0.07
-0.09
0.02
0.02
0.21
-0.54
-0.01
-0.04
-0.24
0.03
0.03
0.02
0.25
0.27
-0.23
-0.16
0.03
-0.14
-0.36
0.03
-0.19
0.21
0.14
0.13
0.36
0.36
0.10
-0.03
-0.06
-0.36
0.09
-0.56
0.01
0.16
0.11
0.20
0.20
0.05
0.31
0.33
-0.34
-0.26
-0.08
-0.09
-0.12
0.04
-0.03
0.07
0.26
-0.09
-0.08
0.28
-0.02
-0.38
-0.21
-0.24
-0.03
0.05
0.12
0.19
0.15
0.16
-0.03
-0.04
0.25
-0.04
-0.04
-0.25
-0.18
-0.24
0.20
0.19
0.04
0.02
-0.03
0.27
0.09
-0.21
0.34
0.15
-0.36
-0.17
-0.18
-0.01
-0.10
0.06
0.07
0.04
0.20
0.17
0.07
0.60
0.15
-0.39
-0.20
-0.20
-0.06
-0.16
0.16
0.24
-0.07
0.15
0.64
-0.01
0.06
-0.14
-0.16
0.03
-0.01
-0.15
0.04
0.48
-0.18
-0.27
0.49
-0.37
0.01
-0.21
0.09
0.08
-0.28
0.12
-0.01
-0.24
0.01
-0.02
-0.03
0.05
0.06
-0.12
-0.03
0.13
0.07
-0.37
-0.30
0.29
-0.15
-0.51
0.21
0.20
0.07
-0.06
-0.13
-0.59
0.34
-0.03
-0.48
-0.16
-0.00
0.06
-0.09
0.12
0.23
0.36
-0.19
-0.10
-0.33
0.00
-0.17
-0.39
0.18
-0.19
0.07
0.11
-0.05
0.18
0.31
-0.19
-0.31
-0.25
0.13
-0.51
-0.16
-0.13
-0.24
0.19
-0.27
0.43
0.36
0.13
0.11
0.06
-0.58
0.27
-0.44
-0.73
-0.04
-0.28
-0.30
0.30
0.16
0.71
0.30
0.11
-0.35
-0.32
0.10
-0.46
-0.17
-0.17
-0.18
0.23
0.27
0.22
0.06
0.60
0.07
-0.31
-0.31
-0.01
0.09
-0.39
0.01
-0.07
0.08
0.13
0.27
0.23
0.35
0.47
-0.16
-0.00
-0.05
-0.11
-0.54
-0.17
0.08
0.11
0.21
0.45
-0.10
0.13
0.33
-0.01
-0.24
-0.52
0.10
-0.21
0.05
0.02
-0.28
0.15
0.13
-0.10
0.51
0.43
-0.17
0.06
0.05
-0.42
-0.22
-0.07
-0.15
0.05
0.13
-0.04
-0.06
0.63
0.14
-0.20
0.07
-0.09
-0.15
-0.04
-0.26
-0.06
-0.18
0.01
-0.04
-0.08
0.34
0.08
-0.14
0.43
-0.05
-0.05
-0.01
0.03
-0.12
0.07
0.04
-0.04
0.29
-0.13
0.34
-0.38
-0.26
-0.01
-0.30
0.31
-0.06
0.14
0.19
0.32
0.49
-0.04
0.05
-0.22
-0.14
-0.48
-0.26
-0.23
-0.08
-0.16
-0.02
0.10
-0.03
0.47
0.30
-0.16
0.09
-0.51
-0.11
0.10
-0.44
0.27
0.11
-0.51
0.04
0.49
-0.20
0.04
-0.57
0.31
-0.08
-0.71
0.06
0.01
-0.18
-0.28
-0.42
0.29
0.18
-0.05
-0.05
-0.42
-0.26
-0.18
-0.92
-0.19
-0.15
0.10
0.32
0.01
0.57
0.08
0.46
0.22
-0.45
-0.62
0.05
-0.62
-0.56
0.06
-0.26
0.02
0.11
-0.03
-0.01
0.62
0.09
0.03
-0.45
0.26
-0.40
-0.47
0.13
-0.16
-0.37
0.22
0.05
0.46
0.34
-0.18
0.55
-0.48
-0.51
-0.28
-0.17
-0.26
-0.16
-0.11
0.15
0.35
0.24
0.30
-0.25
-0.24
-0.29
-0.16
-0.19
-0.53
-0.21
0.11
0.87
0.44
0.40
0.80
0.61
-0.32
0.00
-1.01
-0.28
-0.39
-0.91
0.64
0.18
0.20
0.42
0.34
0.65
0.34
-0.27
0.06
-0.33
-0.46
-0.62
0.47
-0.14
0.15
0.19
0.19
0.04
-0.01
0.22
0.19
-0.14
-0.08
-0.18
0.07
-0.10
-0.15
0.22
0.21
0.35
0.14
0.12
0.35
0.12
-0.17
-0.16
-0.06
-0.27
-0.03
0.10
0.08
0.05
0.07
0.14
0.24
0.44
0.18
-0.15
-0.01
0.14
-0.44
-0.48
0.14
0.17
-0.18
0.50
0.61
-0.02
0.59
0.29
-0.28
-0.53
-0.25
-0.00
-0.24
-0.19
0.33
0.05
0.13
0.40
0.36
0.78
0.28
-0.64
-0.26
-0.38
-0.36
0.04
0.18
-0.02
0.35
0.35
0.13
0.29
-0.21
-0.19
-0.34
-0.17
-1.07
-0.19
-0.19
0.15
-0.28
0.18
0.20
0.21
0.22
-0.22
-0.05
-0.11
-0.63
-0.30
0.03
-0.19
-0.33
-0.00
0.26
-0.05
0.00
0.14
-0.25
-0.12
-0.10
-0.71
-0.33
-0.05
-0.11
-0.27
0.31
0.28
0.47
-0.03
-0.10
-0.29
-0.30
-0.14
-0.87
-0.38
0.02
-0.21
0.02
0.12
0.34
0.31
0.03
-0.06
-0.34
-0.17
-0.16
-0.40
-0.03
0.06
-0.04
-0.47
0.10
0.19
0.40
0.09
-0.04
-0.27
-0.45
-0.47
0.10
-0.15
-0.23
0.21
0.61
-0.05
0.35
0.81
-0.33
0.11
-0.24
-0.43
-0.15
-0.34
-0.41
-0.07
0.28
0.18
0.21
0.55
0.08
0.06
0.21
-0.31
-0.57
-0.08
-0.33
-0.40
0.16
0.13
0.19
0.28
0.46
0.17
0.63
-0.00
-0.33
-0.19
0.02
-0.19
-0.25
-0.08
-0.05
0.25
0.27
0.17
0.26
0.51
0.00
-0.11
-0.21
0.24
-0.26
-0.17
-0.10
-0.12
0.05
0.38
0.15
0.29
0.58
-0.40
-0.19
-0.29
-0.15
0.36
0.14
0.07
0.44
0.28
-0.17
0.06
0.44
0.08
-0.31
-0.20
-0.27
0.13
-0.18
0.30
-0.01
0.09
0.19
-0.12
0.26
0.69
0.10
-0.11
-0.38
-0.14
0.11
-0.35
-0.24
0.36
-0.03
-0.12
0.42
0.09
-0.11
0.48
-0.48
-0.31
0.28
-0.28
-0.43
0.13
-0.04
-0.16
0.04
0.34
0.21
0.26
-0.47
-0.37
-0.54
-0.35
-0.40
0.48
0.27
-0.26
-0.25
0.25
0.14
0.03
0.33
0.00
-0.43
-0.13
0.23
-0.68
-0.47
0.02
-0.38
-0.16
0.06
0.00
-0.16
-0.24
-0.06
0.06
-0.20
0.04
0.12
0.07
0.02
-0.07
0.26
0.00
0.04
-0.33
-0.13
0.04
0.03
-0.30
0.09
-0.16
-0.08
0.10
-0.04
0.13
-0.10
0.29
0.15
-0.29
-0.24
-0.07
0.11
-0.26
-0.00
-0.02
0.01
-0.07
0.13
0.06
0.33
0.18
-0.04
-0.21
0.15
0.01
-0.46
-0.10
-0.30
0.05
0.75
0.13
-0.11
0.51
0.04
-0.08
-0.34
-0.25
0.01
-0.21
-0.22
-0.20
0.33
-0.02
-0.27
0.11
0.55
-0.15
-0.20
0.02
0.28
0.00
-0.11
0.18
-0.23
-0.11
-0.03
0.17
0.03
0.32
0.05
-0.24
-0.25
0.18
-0.03
-0.06
-0.13
0.09
-0.12
-0.05
-0.18
-0.20
0.39
0.39
-0.09
-0.37
-0.21
0.17
-0.00
-0.08
-0.00
0.28
0.04
0.01
0.10
0.04
0.31
-0.12
-0.47
0.04
-0.12
0.12
0.07
0.05
0.08
0.17
0.21
0.02
-0.11
0.51
-0.14
-0.33
0.22
-0.29
-0.12
0.22
-0.37
0.37
0.18
0.00
0.34
0.12
0.32
0.18
-0.48
-0.07
-0.27
0.01
0.49
0.02
-0.30
0.47
0.42
0.07
0.08
0.39
-0.23
-0.11
-0.24
-0.22
0.37
-0.08
-0.19
-0.01
-0.01
0.45
0.25
0.07
-0.33
0.04
-0.36
-0.30
0.08
-0.12
-0.11
-0.11
0.21
0.17
0.01
0.32
-0.46
-0.41
0.15
-0.15
0.17
-0.17
0.07
-0.05
-0.14
0.17
-0.16
-0.11
-0.38
-0.14
-0.15
0.29
-0.53
-0.06
0.23
-0.02
0.14
0.20
0.13
0.03
0.11
-0.31
-0.15
0.01
-0.24
-0.64
0.43
-0.26
-0.46
0.37
0.06
-0.22
0.42
-0.16
-0.02
-0.32
-0.37
-0.12
-0.30
-0.48
0.21
-0.29
-0.35
0.36
0.18
0.89
0.10
-0.18
-0.10
-0.10
-0.37
-0.75
0.11
-0.44
-0.17
0.25
