0.01
0.01
0.00
0.00
0.00
0.01
0.00
0.01
0.00
0.01
0.01
0.00
0.01
0.01
0.00
0.00
0.01
0.00
-0.00
-0.00
0.00
0.00
0.00
0.01
0.00
-0.00
0.00
0.00
0.00
0.00
0.00
0.00
0.00
0.00
0.01
0.01
0.00
0.01
0.00
0.01
0.00
0.01
0.00
0.00
0.01
0.01
0.00
0.00
0.01
0.01
0.00
0.00
0.01
0.00
0.01
0.01
0.01
0.00
0.01
0.01
0.01
0.01
0.01
0.01
0.00
0.00
0.01
0.01
0.00
-0.00
-0.01
-0.01
0.00
0.01
0.00
0.00
0.01
0.00
0.00
0.00
0.00
0.00
0.00
0.01
0.00
0.00
0.00
0.00
0.00
0.01
0.01
0.01
0.01
0.01
0.00
0.00
0.01
0.00
0.01
0.01
0.01
0.01
0.01
0.01
0.01
0.01
0.00
0.00
0.01
0.01
0.01
0.00
-0.00
0.00
0.00
0.00
0.00
0.00
0.00
0.00
0.00
-0.00
-0.00
0.00
0.00
0.00
0.01
0.01
0.00
0.00
0.01
0.00
0.00
0.00
0.00
0.00
0.00
0.00
0.00
0.00
0.01
0.01
0.00
0.00
0.01
0.00
0.01
0.00
0.00
0.00
-0.00
0.00
0.00
0.00
0.00
0.01
0.00
0.01
0.00
0.00
0.00
0.00
0.00
0.00
0.01
0.01
0.01
0.00
0.01
0.01
0.00
0.00
0.01
0.01
0.00
0.00
0.01
0.00
0.00
0.01
-0.00
0.00
0.01
0.01
0.00
0.01
0.01
0.01
0.00
-0.01
0.02
0.01
0.01
0.01
-0.01
-0.01
0.03
-0.03
0.03
-0.04
0.03
0.03
-0.03
0.03
-0.01
0.02
0.01
-0.01
0.01
0.00
0.01
0.00
0.01
-0.01
0.00
0.01
0.00
-0.00
0.01
-0.00
-0.03
0.04
0.04
-0.07
-0.05
0.13
-0.26
0.32
0.40
-0.49
0.06
-0.75
0.21
-0.25
-0.95
-0.77
1.19
0.39
-0.66
-0.06
-0.63
-0.63
1.01
-1.24
-0.62
0.37
-1.20
-0.66
-0.57
0.26
3.70
-3.75
0.59
-0.36
-0.02
-0.59
0.60
-0.05
-0.62
1.25
0.83
-1.16
0.27
-0.36
0.62
0.11
-0.59
0.32
0.58
0.51
-0.91
-0.89
0.01
1.39
-0.30
0.33
-0.01
0.15
0.08
-0.09
0.65
0.31
-0.03
-0.91
-0.02
0.58
0.20
-0.41
0.37
-0.26
0.91
-0.98
0.05
-0.01
0.37
-0.66
0.80
-0.56
0.36
0.28
-0.49
0.67
-0.39
0.16
0.32
-0.49
-0.32
1.22
-0.75
-1.05
0.57
-0.21
0.12
-0.28
-0.05
0.14
0.84
-0.42
-0.02
-0.00
-0.00
-0.38
0.64
-0.16
-0.09
0.59
-0.16
-0.71
-0.92
0.90
-0.06
0.31
-0.02
-0.94
1.60
0.25
0.12
0.54
-0.38
0.89
-1.67
-0.82
0.98
1.64
-1.70
0.64
-0.69
-0.34
-0.59
0.48
-0.55
0.91
0.04
-0.97
1.56
0.09
-1.06
2.04
-0.75
-0.39
0.35
-1.46
1.02
0.98
-1.39
1.12
0.56
-2.69
1.02
-1.11
-1.58
4.48
-0.11
-0.84
-0.11
1.07
-1.01
0.11
-0.96
-0.80
0.22
2.16
-0.85
-2.27
-0.39
0.33
1.16
-1.08
-1.10
0.82
0.51
-2.29
-0.26
1.41
-0.61
1.28
0.17
-0.33
-0.54
1.46
-1.11
0.33
-0.28
0.68
-1.15
0.34
0.34
-0.32
0.85
1.69
-1.73
0.22
0.38
1.23
-0.38
-1.54
0.09
0.61
-0.55
0.23
0.41
0.64
-0.69
0.52
1.00
0.20
-0.09
-2.10
0.58
1.37
-0.70
-0.68
0.41
1.59
-1.15
2.45
0.03
-0.42
-3.15
0.95
3.17
-1.60
-1.49
-1.10
-1.71
0.04
3.12
-1.02
0.05
-0.15
1.13
-1.69
-0.66
0.39
0.67
-0.73
1.79
0.13
0.19
0.08
0.20
-0.77
-1.30
0.34
1.38
-0.54
-0.64
-0.73
-0.00
-0.40
-1.32
1.06
0.69
-1.99
0.90
-0.27
-0.19
-1.51
-1.20
-0.04
-2.42
-0.62
5.61
-0.54
-5.17
1.64
-0.65
-1.37
1.00
1.81
1.81
-1.59
-0.50
1.95
-0.86
-0.86
0.02
-1.30
-1.65
0.41
0.69
2.47
-3.07
2.14
0.14
-0.05
0.52
-0.84
-1.28
-0.29
1.42
0.66
0.55
0.08
-1.67
0.01
-1.17
-0.88
-1.12
2.47
-0.57
-0.85
-0.29
0.61
-0.32
0.97
-0.70
-2.68
-0.04
-0.57
2.27
0.99
-0.84
-0.68
1.86
-0.44
-1.70
0.54
-0.25
-2.68
-0.48
-0.49
-0.87
0.25
0.13
0.22
0.40
-0.68
-1.62
1.48
-0.21
0.52
0.13
1.08
-0.86
-0.50
-2.10
1.18
0.50
0.32
-1.41
0.94
2.27
-0.02
-0.06
-0.54
-0.06
-1.00
0.90
2.42
-0.64
0.51
-2.17
-1.04
2.65
-2.23
1.64
-0.21
-1.67
-0.99
-2.58
1.67
1.67
1.67
-1.22
0.51
-0.88
-2.27
-0.71
1.71
-0.14
-0.60
0.68
-0.24
-3.37
0.68
-0.77
-0.02
-0.04
0.42
1.01
-0.81
-0.15
-1.32
0.18
0.01
0.16
1.14
3.19
-4.73
0.76
2.05
-1.90
1.60
1.11
1.64
3.04
-3.32
0.51
0.44
0.40
-0.59
1.62
-0.94
-1.95
2.29
-0.53
-1.99
1.03
0.52
0.39
-2.70
-0.61
1.00
0.89
0.86
-0.47
0.74
1.05
-4.29
-1.14
-0.24
2.18
-1.89
2.15
-0.34
-0.90
1.30
0.57
1.15
-1.94
2.18
-0.61
-0.30
1.05
0.88
-2.54
-0.55
-1.56
0.51
0.45
1.02
-0.64
-2.13
-0.20
0.11
-1.86
2.32
0.02
0.02
2.86
-0.78
-0.45
-0.95
-2.42
4.82
-1.03
-1.03
0.05
1.81
0.43
-0.18
-0.37
-0.64
0.68
-0.10
1.25
-0.98
1.38
-0.27
-1.42
-1.02
-0.54
-0.41
0.99
0.89
-1.03
1.08
-1.11
-0.45
-0.50
2.60
2.52
-1.78
-0.70
1.47
0.82
-0.29
1.99
0.56
-1.80
0.38
0.27
1.96
0.87
-2.20
-1.63
-0.84
0.13
3.46
-0.07
0.99
0.13
-2.11
-1.58
-0.03
1.15
3.45
-0.34
0.69
-1.33
-1.11
-1.19
-0.86
6.63
-1.04
-1.74
0.34
-1.32
-1.11
0.88
-1.98
-1.73
0.29
0.34
-1.65
-0.82
0.71
-0.87
-1.38
-0.64
1.64
-0.99
1.07
1.64
-0.79
1.82
-0.44
0.14
1.90
-0.91
1.06
0.15
0.15
-0.80
-3.17
0.70
1.18
1.67
-0.58
-1.74
-0.43
-1.30
-1.50
-1.50
1.99
-0.53
1.00
1.76
0.45
-1.23
0.11
1.52
-0.91
2.28
0.73
-1.95
-0.40
-0.63
0.48
-3.29
-1.57
-1.76
0.39
0.44
-1.93
1.33
-2.11
0.01
1.65
0.73
-0.87
-0.77
-0.46
-2.64
2.63
3.16
-0.26
2.95
3.12
3.02
-3.54
-0.14
-0.15
-2.06
-0.18
0.73
-2.37
-0.63
0.52
-3.37
1.18
2.30
0.03
1.22
-0.57
-2.46
1.70
1.72
3.62
0.47
-1.94
0.03
0.29
0.07
0.88
-4.52
0.22
1.88
0.76
0.18
-1.18
0.59
-2.05
-3.19
3.98
1.18
-0.05
0.02
1.06
-0.72
0.10
0.04
1.21
0.63
-1.09
-1.91
-1.23
2.17
-0.72
-2.78
1.31
1.36
-0.51
0.77
0.14
-2.96
-1.03
5.22
0.39
0.39
1.17
1.56
-2.59
-0.65
-0.45
1.40
1.13
-0.26
0.67
0.56
0.02
-3.12
-2.09
0.40
0.09
1.36
1.63
1.81
-1.47
-4.12
4.19
0.72
0.50
1.25
0.38
0.78
-1.06
0.28
-0.48
-1.59
-0.01
0.46
1.06
-2.21
-2.07
0.21
1.36
-0.31
1.94
-1.71
0.23
-5.29
2.07
2.97
0.63
1.42
-2.62
1.62
-1.08
-1.35
-0.98
-2.27
1.62
0.24
0.58
-1.98
0.28
-2.24
-0.89
2.88
-0.89
-0.64
1.17
-1.00
-2.37
0.74
-0.68
0.12
-0.35
-1.96
1.32
-0.04
-0.26
-4.63
-1.52
2.00
0.17
0.40
-1.95
0.87
2.51
0.71
-3.80
-3.45
0.25
-0.20
-0.01
-0.33
-2.02
1.08
-1.32
0.70
0.85
0.85
-1.13
-1.24
-2.25
-1.47
1.81
0.19
-0.74
-1.27
-3.84
2.93
6.90
-1.04
-1.43
0.45
-0.47
2.84
-2.07
-1.23
-0.94
-0.02
-0.51
-0.97
0.75
-1.46
-2.89
6.77
1.41
-1.77
-0.89
-0.59
0.60
0.39
4.12
0.30
-2.34
1.21
0.64
-4.33
0.76
1.82
2.46
6.62
0.08
-0.05
-1.08
-1.04
-1.89
6.62
-0.90
-1.30
0.13
-0.54
0.02
-2.20
2.65
-0.51
0.18
0.20
-2.12
-0.35
-0.65
-3.05
0.28
1.83
-1.13
0.41
0.03
-3.09
7.20
0.86
0.99
-3.53
-1.99
-0.67
-4.64
-1.60
2.26
-6.28
1.43
-0.61
-5.54
1.24
0.55
-1.07
0.37
2.17
1.84
-0.88
1.63
1.63
3.17
5.92
-3.14
-0.62
0.19
0.85
-0.19
-2.17
-1.79
-2.05
-0.93
0.31
-4.66
-0.40
-1.07
-1.60
2.15
1.61
0.09
-1.03
-0.26
1.63
0.38
-2.01
0.40
0.82
1.69
0.19
-5.33
1.13
0.57
-0.28
-0.31
2.65
-0.39
-0.36
1.13
-0.27
3.50
-0.16
-1.08
-1.62
1.22
-1.78
-1.22
0.04
-3.44
0.85
2.42
-0.93
-1.18
-0.46
-0.48
0.42
0.58
-0.40
-1.44
2.23
1.22
-2.93
2.73
1.86
0.49
1.21
-0.78
-0.63
0.37
0.10
3.93
3.50
-0.22
-1.37
1.51
-3.94
5.87
3.75
-2.19
-1.38
1.30
-0.44
1.50
1.28
-0.91
2.67
5.06
-0.28
-2.03
-0.28
-2.97
1.30
7.18
2.67
-0.30
0.75
0.98
0.19
-0.94
1.26
0.88
-1.38
-1.29
1.67
1.67
-0.51
-2.76
0.84
1.98
-1.82
-1.23
0.24
2.00
5.31
2.65
-2.75
2.92
-0.26
-1.22
-2.05
-0.00
-4.10
-4.08
4.88
-2.08
-1.74
-1.15
-3.37
-3.10
2.74
0.29
-3.38
1.10
-2.20
-2.54
4.72
-2.39
0.59
0.07
1.88
-2.82
-0.82
-2.44
0.87
2.12
-1.85
-0.08
-1.85
-1.08
3.06
-0.08
-1.72
-2.06
0.19
0.60
-0.15
-1.93
-1.21
-1.78
-0.63
0.34
-0.59
-0.24
-2.87
-0.27
5.13
0.90
-0.95
-2.23
1.01
-0.15
1.26
-2.52
0.84
4.72
-0.47
-1.63
1.48
2.49
1.21
2.57
-0.34
-1.67
1.97
-4.37
2.09
-0.10
0.51
-0.95
-0.33
-0.08
-1.11
-2.15
-2.12
-0.84
0.37
0.66
-0.03
-0.68
-1.30
7.60
3.63
-1.49
-2.25
-1.39
0.69
-3.92
0.59
0.09
-1.02
2.90
2.90
-1.86
-0.87
-2.39
-0.85
3.18
-0.45
2.25
0.08
-1.28
1.08
0.15
1.43
-1.36
-1.41
-0.44
-2.78
-0.01
1.21
-2.97
1.16
-0.14
-2.53
-0.40
-2.33
0.77
0.68
0.22
-0.24
-0.36
0.14
0.66
0.13
-1.36
-6.20
1.39
1.81
-0.94
-2.70
-1.36
-0.80
1.46
3.18
-2.62
-1.02
0.56
2.65
3.22
-2.91
1.92
-1.68
1.65
-3.40
-4.28
0.86
1.62
-0.40
-0.93
-2.25
0.41
-0.17
2.79
1.36
-2.46
0.22
-1.05
2.58
-3.34
1.29
0.90
-1.31
0.30
2.78
-1.88
-1.17
1.44
-2.70
6.00
-2.17
0.97
2.81
-2.15
0.32
2.60
0.19
-0.09
0.53
2.19
0.18
-1.05
0.00
1.81
-0.36
-1.25
-2.95
0.56
0.56
0.90
0.61
1.97
-0.83
-1.38
1.34
2.09
4.01
3.33
0.31
-0.95
2.09
-1.24
-6.70
2.41
-2.20
1.15
3.18
-0.22
2.45
-2.30
2.43
2.85
-0.42
-4.00
0.60
2.26
-0.33
-2.85
-1.37
-2.84
0.81
-0.14
-1.53
0.87
0.80
6.08
6.01
0.83
0.73
1.71
1.37
-4.28
-1.63
1.41
-0.20
2.38
-2.83
-1.01
1.44
-0.94
7.53
-0.89
0.89
-0.60
-1.60
0.80
4.46
-1.55
-1.60
-0.70
1.42
0.98
-4.80
1.58
2.58
5.53
0.25
-3.74
0.98
-0.36
-0.37
2.84
0.55
-1.21
-0.29
-0.86
-3.44
-4.79
-4.15
0.21
4.58
-2.82
-0.84
-0.84
1.32
-2.47
1.85
2.31
-2.31
-0.73
4.94
5.37
1.09
0.17
2.06
4.78
4.30
-1.76
4.05
0.08
-1.78
-0.40
-1.67
-2.61
0.13
-4.08
-2.96
1.00
0.13
2.73
1.53
1.12
-1.83
-4.66
-2.39
-0.43
1.73
0.40
-3.61
5.01
3.84
4.81
1.44
3.05
-1.42
1.42
-2.29
6.44
1.05
-1.79
1.56
-0.99
-2.39
-2.42
0.91
-3.18
1.70
3.88
-3.41
-1.99
-3.83
-1.79
-1.24
-3.41
-0.17
-1.14
3.48
-2.33
-4.71
-1.70
-1.39
3.91
0.42
-7.51
1.29
3.28
3.32
1.95
-1.18
-1.98
0.34
2.39
2.27
0.15
0.13
0.33
3.04
-5.27
-3.57
0.82
-0.72
-1.72
2.62
2.99
0.10
-3.92
0.89
3.82
-1.05
0.32
2.34
-0.00
-3.14
0.56
-0.04
-2.49
