-0.01
-0.01
-0.02
-0.01
-0.01
-0.01
-0.01
-0.02
-0.02
-0.02
-0.02
-0.01
-0.01
-0.01
-0.01
-0.01
-0.01
-0.02
-0.02
-0.01
-0.01
-0.01
-0.02
-0.01
-0.01
-0.02
-0.01
-0.01
-0.01
-0.01
-0.01
-0.01
-0.01
-0.02
-0.01
-0.01
-0.01
-0.02
-0.02
-0.02
-0.02
-0.01
-0.01
-0.02
-0.02
-0.02
-0.02
-0.01
-0.01
-0.02
-0.02
-0.01
-0.01
-0.02
-0.02
-0.02
-0.02
-0.02
-0.02
-0.02
-0.02
-0.01
-0.01
-0.02
-0.02
-0.01
-0.02
-0.01
-0.02
-0.01
-0.01
-0.01
-0.01
-0.01
-0.01
-0.01
-0.01
-0.01
-0.01
-0.01
-0.01
-0.01
-0.01
-0.02
-0.01
-0.01
-0.01
-0.01
-0.01
-0.02
-0.02
-0.01
-0.01
-0.01
-0.01
-0.01
-0.01
-0.01
-0.01
-0.01
-0.01
-0.02
-0.01
-0.01
-0.02
-0.02
-0.01
-0.01
-0.01
-0.01
-0.01
-0.02
-0.01
-0.01
-0.01
-0.01
-0.01
-0.02
-0.02
-0.02
-0.01
-0.01
-0.01
-0.02
-0.02
-0.01
-0.02
-0.02
-0.02
-0.01
-0.01
-0.01
-0.01
-0.01
-0.01
-0.01
-0.02
-0.02
-0.02
-0.02
-0.02
-0.01
-0.01
-0.02
-0.02
-0.01
-0.01
-0.02
-0.02
-0.01
-0.02
-0.01
-0.01
-0.01
-0.01
-0.01
-0.01
-0.01
-0.01
-0.01
-0.01
-0.01
-0.02
-0.02
-0.01
-0.01
-0.02
-0.01
-0.01
-0.01
-0.02
-0.02
-0.02
-0.02
-0.02
-0.02
-0.01
-0.01
-0.01
-0.01
-0.01
-0.01
-0.01
-0.01
-0.01
-0.02
-0.01
-0.01
-0.01
-0.01
-0.01
-0.01
-0.01
-0.01
-0.01
-0.02
-0.01
-0.01
-0.01
-0.01
-0.01
-0.02
-0.02
-0.01
-0.02
-0.02
-0.02
-0.01
-0.01
-0.02
-0.02
-0.02
-0.02
-0.01
-0.02
-0.02
-0.02
-0.01
-0.01
-0.02
-0.02
-0.01
-0.01
-0.02
-0.01
-0.02
-0.02
-0.02
-0.01
0.01
-0.04
-0.02
-0.02
-0.01
-0.03
-0.02
-0.02
-0.02
-0.01
-0.02
0.01
-0.05
0.02
-0.03
-0.02
-0.01
-0.04
0.00
-0.02
0.02
0.02
-0.01
-0.04
-0.01
0.05
-0.13
-0.07
0.16
-0.23
0.10
0.42
-0.50
0.65
-0.30
-0.51
0.64
-0.03
-0.19
-0.22
0.72
0.04
-0.81
-0.03
0.03
-0.29
0.68
-0.10
0.10
-0.40
0.07
-0.01
0.22
-0.32
-0.23
0.04
0.60
0.04
-0.59
-0.41
0.28
0.25
-0.84
0.19
0.52
-0.57
0.40
0.21
-0.68
0.51
-0.40
-0.05
-0.40
0.41
-0.28
-0.42
0.83
-0.83
0.61
0.16
-1.09
0.36
-0.16
1.18
-0.67
-0.79
0.10
0.29
0.10
-0.54
1.02
-0.89
1.20
-0.55
-0.33
-0.24
-0.53
0.79
-1.03
0.32
0.51
-1.17
1.47
-1.02
0.39
0.65
-1.39
-0.53
0.36
0.11
-0.43
0.25
-0.02
-0.02
-0.01
-0.26
0.11
-0.05
0.23
-0.76
-0.43
0.80
-0.20
-0.07
-0.17
-0.20
0.61
-1.06
0.05
0.65
-0.36
0.23
-0.51
0.27
0.24
-0.14
0.02
-0.17
0.06
-0.17
0.14
-0.11
0.24
0.23
-1.20
0.94
1.90
-2.44
0.18
1.59
-1.60
0.92
-0.73
0.33
0.39
-0.05
0.87
-0.95
0.18
0.78
-0.46
-0.08
0.44
-0.82
0.65
-0.65
-0.16
-0.61
-0.24
0.78
-0.77
-0.00
0.98
-0.87
0.12
0.05
0.10
-0.15
-0.15
-0.45
0.91
-1.04
-0.26
0.35
0.18
-0.59
0.30
0.25
0.32
-0.21
-0.59
0.25
-0.21
0.45
-0.76
0.93
-0.48
-0.16
0.58
-0.26
0.09
-0.19
0.15
-0.25
-0.07
0.14
-0.21
-0.09
0.36
-0.67
0.15
0.23
-0.31
0.86
-0.67
-0.74
-0.09
0.26
-0.21
2.06
-3.43
0.47
1.56
-0.28
-0.33
0.24
-0.32
-0.77
-0.23
1.10
-0.29
-0.28
0.06
-0.65
-0.00
0.48
-0.36
-0.21
0.43
0.60
-0.02
-0.34
-0.67
1.09
-0.27
0.62
-1.16
0.98
-1.80
0.42
1.99
-0.23
0.48
-1.10
1.18
-0.46
-0.11
-0.56
0.20
0.77
-0.89
0.04
0.54
0.26
-0.50
0.33
0.47
-0.51
-0.05
0.12
-0.07
0.34
-0.50
-0.37
0.08
-0.42
0.35
-0.15
-0.27
-0.01
0.40
0.31
-0.87
1.00
-0.02
-0.83
0.66
-0.76
0.75
-0.08
-0.67
0.59
-0.27
-0.31
0.38
0.26
-0.58
0.13
-0.50
-1.52
2.87
-1.41
-0.68
-1.84
3.87
-0.41
-1.29
0.20
-0.27
0.13
0.03
-0.06
0.25
-0.34
-0.23
-0.25
-0.25
-0.48
1.16
-0.61
0.06
0.22
-1.00
3.49
-2.54
-1.09
1.20
0.78
0.20
-1.61
0.61
0.27
-0.03
0.68
-0.44
-0.69
0.50
0.02
-0.35
-0.19
0.49
-0.48
0.13
-0.08
0.37
-0.30
-1.07
2.78
-0.74
-1.46
0.42
-1.02
0.70
0.49
-0.85
-0.19
-0.24
1.00
-0.51
0.22
-0.46
-0.02
1.08
-0.24
-0.15
-0.22
0.08
0.34
-0.19
-0.71
0.76
0.35
-0.19
0.13
0.31
-0.49
-0.11
0.60
-0.40
-0.07
-0.44
0.48
0.48
0.57
-0.20
-0.36
0.07
-0.86
1.31
-0.39
-0.87
1.47
-1.83
0.32
1.04
-0.89
1.05
-0.60
0.25
-0.17
-0.40
0.56
0.01
-0.80
0.30
-0.07
-0.16
-2.14
0.32
0.99
-0.70
0.72
-1.05
-0.21
2.06
-1.16
0.07
0.17
-0.57
0.06
-0.38
-0.03
-0.00
-0.16
0.11
-0.02
-0.75
0.03
1.15
-0.55
0.22
1.51
0.92
-1.35
0.89
-0.50
-0.37
0.28
-0.81
0.04
0.46
-0.10
-1.02
0.20
-0.21
-0.40
0.60
0.17
-0.71
0.02
-0.33
1.54
-1.22
0.74
1.02
-0.30
-0.24
-0.44
0.44
-0.28
0.13
0.48
-0.47
0.17
0.19
0.10
-0.84
0.41
2.16
-1.20
0.25
1.46
-1.13
0.53
0.02
-0.54
-0.45
-0.30
-0.43
0.25
-0.35
0.29
-0.88
0.42
0.83
-1.47
-0.41
1.77
-0.88
0.96
0.57
0.18
-0.04
-0.77
0.01
-0.05
-0.37
0.15
0.54
0.09
-0.96
0.67
-0.31
0.66
-0.44
0.08
0.07
-0.29
0.19
-0.10
-0.37
-0.37
0.35
-1.02
0.35
1.38
-0.10
-0.81
0.45
-0.23
0.10
-1.00
-0.33
1.04
0.28
0.90
-0.95
-0.96
0.19
0.12
-0.51
0.00
0.58
0.32
-0.44
-0.88
1.28
-0.55
-0.36
-0.68
0.08
0.47
-0.45
-0.36
0.58
-0.07
-1.51
0.02
1.34
-1.14
0.24
-0.48
0.16
-0.41
0.84
-1.09
-0.60
2.20
-0.57
-0.09
0.42
0.34
-0.15
-0.09
-0.80
1.38
-1.77
1.34
1.89
-2.41
-0.38
2.19
-2.31
2.02
-1.61
-0.45
0.01
-0.03
-1.77
-1.77
1.09
0.04
-0.55
-0.05
0.31
0.40
-0.67
-0.46
1.78
-0.01
0.11
0.33
0.01
-0.50
-0.16
0.15
-0.14
0.13
-0.50
0.50
-1.26
2.68
-1.25
-0.62
1.20
-2.47
2.85
0.59
-1.94
0.61
0.14
0.33
-0.26
0.80
-1.79
0.16
1.19
-1.55
1.51
-0.03
-0.35
-0.72
0.43
0.50
0.16
-0.71
0.17
-0.69
0.28
-0.91
0.31
0.90
-0.78
-0.57
0.78
-1.23
1.56
1.01
-1.27
0.38
0.87
-1.12
-1.10
0.45
0.45
-0.31
0.10
-0.16
-0.22
-1.33
-0.75
1.51
-0.12
0.66
0.62
-0.80
0.05
-0.25
-1.12
1.27
-1.23
-0.85
0.94
-0.05
-3.13
2.65
-0.36
-1.00
1.49
-0.01
-0.45
-0.14
-1.04
0.01
0.75
-1.17
0.52
0.47
-1.58
0.40
2.56
-0.91
-1.54
-0.97
1.26
-1.01
-0.10
0.39
-0.98
0.68
-0.45
-1.10
1.40
-1.12
2.10
-1.92
1.59
1.02
-0.32
-0.73
0.17
0.05
-0.31
0.02
-0.79
-0.05
1.16
0.24
0.84
-2.76
2.34
-0.00
-0.38
0.47
0.17
0.17
0.61
-1.25
0.42
0.10
0.09
1.06
-1.68
1.25
1.36
-3.76
-1.07
-0.98
0.68
-0.32
-0.49
-0.59
0.55
-0.07
-0.50
0.29
0.69
-0.60
-1.11
1.38
0.19
-1.65
-0.17
0.32
-1.22
-1.41
0.09
0.87
-0.20
-1.05
0.60
-1.57
2.42
1.08
-4.35
0.96
0.32
1.23
-1.58
1.71
-0.70
-1.66
0.23
-0.34
0.51
-0.89
0.20
-0.50
1.58
-0.53
-0.28
-1.30
2.35
-0.85
-0.23
1.02
-0.84
-0.95
0.99
3.58
-2.93
0.40
-0.53
0.76
1.32
1.32
-1.12
0.41
0.41
-1.19
-0.30
-0.03
0.57
0.06
-1.18
0.84
2.12
-1.98
0.63
-2.76
3.45
-1.77
-0.16
-1.15
1.77
-0.43
-0.96
0.34
-1.05
2.89
-0.11
1.02
0.87
1.42
-1.98
-1.34
1.35
0.29
-1.30
-0.85
1.14
0.33
-0.05
-0.03
-1.59
2.46
-0.21
-1.02
1.25
-0.07
-0.54
0.90
-0.99
-0.34
-0.11
-0.15
0.10
-0.36
0.04
1.03
0.52
-0.80
0.59
0.83
-1.68
0.21
1.11
-1.47
-0.57
0.57
0.03
0.59
-1.89
1.34
-1.29
-1.29
1.52
0.10
-0.07
0.12
-0.21
-0.15
-0.88
1.81
0.21
-1.98
0.12
1.29
-0.83
-0.43
0.85
-0.09
-1.89
1.22
-1.05
1.15
-0.23
-0.04
1.21
-0.89
-0.60
0.94
0.57
-0.99
0.14
0.57
-0.12
0.32
-0.27
-0.48
-0.97
3.11
-0.73
-2.20
2.07
-1.96
1.77
-0.17
-0.70
0.24
1.42
-1.16
-0.24
-0.49
1.18
-2.72
3.41
0.20
-0.17
-1.68
0.34
-1.02
-0.34
-0.21
0.61
-0.78
-0.22
1.25
0.47
-3.55
3.83
-0.87
-0.43
0.44
0.24
-0.73
-0.14
-0.08
-0.05
-1.54
0.40
0.40
0.25
0.87
0.13
-0.45
-1.67
2.44
-2.01
-0.01
-0.19
0.73
-0.26
-0.91
-0.16
-0.23
1.06
-0.25
0.26
0.99
-1.04
1.52
0.82
-1.67
-1.61
-0.11
0.30
-0.48
1.37
0.96
-2.43
2.22
-1.52
0.93
-0.30
0.53
0.19
-0.82
-0.12
0.50
-1.08
0.59
-0.76
-0.04
0.63
-0.38
1.19
-1.46
0.55
-0.00
-0.24
0.03
-0.34
-0.97
-0.02
1.01
-1.73
2.30
-2.41
0.77
1.25
-0.41
0.03
0.35
-1.01
-1.04
1.28
2.61
-2.68
-2.68
-1.31
0.77
-0.93
-0.84
0.82
-0.02
-0.77
-0.45
-1.21
1.52
-0.06
-0.47
0.48
1.22
-0.50
-1.78
-0.67
0.28
-0.22
0.87
-0.42
-0.57
0.24
-0.08
0.01
0.85
-1.09
1.74
-1.55
-0.02
0.35
-0.91
-0.63
0.65
-0.39
0.44
-0.73
-0.27
2.05
-0.92
-0.33
-0.35
1.14
-0.38
-0.41
-0.05
-0.16
-0.13
0.75
-1.51
0.70
1.52
-1.58
0.43
-1.31
0.42
1.11
-1.63
-0.04
-0.26
-0.29
0.80
-1.49
1.28
0.54
-0.57
-0.79
0.42
0.20
0.30
-1.50
-0.11
-0.11
0.20
-0.92
0.69
1.72
-1.89
0.09
-0.61
2.77
-2.07
0.35
0.43
-0.81
-0.65
-1.65
0.64
-0.94
-0.26
0.43
-0.16
-0.86
1.77
-1.95
0.05
0.12
-0.26
0.22
-0.12
-0.33
-1.14
1.60
0.94
-0.23
0.16
0.41
-0.52
-0.93
0.26
0.02
-0.01
-1.02
1.20
-0.72
-1.64
1.23
1.32
-1.41
1.05
-0.80
-0.47
0.78
-1.54
-0.22
-0.08
-0.58
0.10
-0.51
-2.34
2.16
0.87
-0.72
-0.76
1.18
-0.81
-2.18
1.45
-1.34
3.19
-2.64
0.73
-1.66
-1.66
1.90
-0.78
-0.59
0.40
-0.59
0.32
-0.76
0.09
-2.09
2.38
0.60
-1.52
-0.36
0.59
0.28
-0.59
0.05
-0.74
-1.07
0.02
0.99
-1.04
2.14
-2.50
0.69
0.80
-0.49
0.54
0.30
-0.87
-0.05
0.75
0.15
0.20
-0.45
0.52
-0.22
-0.20
0.58
0.32
0.01
-0.83
0.34
-0.73
1.32
0.03
0.18
0.80
-1.76
1.02
1.17
-2.54
0.98
-0.55
-1.71
2.12
-1.58
-0.80
1.85
-0.62
-0.16
0.84
0.17
0.17
-1.41
0.87
0.17
-0.92
-0.21
0.35
-0.19
-0.99
3.32
-0.81
-0.94
-0.19
-0.29
-0.95
0.64
-0.52
0.33
-0.80
0.59
0.08
0.86
0.17
-1.08
0.92
0.34
-0.05
0.64
0.31
0.50
-1.10
1.20
-2.03
0.71
3.04
-1.66
-1.59
2.20
-1.28
1.17
0.56
-0.35
-0.94
0.83
-0.84
-0.17
2.69
-1.20
-1.08
0.45
1.73
-0.58
-0.16
-0.74
0.81
-1.81
0.87
0.56
0.76
-0.35
-0.81
0.43
1.08
-0.26
-0.15
-0.31
0.36
-0.11
-1.58
1.30
1.30
1.07
0.78
0.81
-0.11
0.90
-0.84
0.91
-0.41
-0.59
0.39
-0.72
-1.73
4.00
-0.00
-1.59
0.09
0.94
-1.57
1.80
0.08
-1.11
-0.29
0.16
0.04
-0.05
0.55
-0.19
-1.69
-0.61
-0.46
-2.09
-0.73
0.72
-0.92
1.08
0.28
0.14
-0.45
1.23
-1.12
2.25
-0.95
-0.21
0.82
-1.80
-0.10
0.43
-0.51
0.51
1.77
0.90
-0.08
-2.73
0.25
0.30
-1.40
-0.33
-0.07
0.02
0.98
-1.54
1.92
0.18
-1.09
-0.06
-0.78
-0.08
-0.08
0.22
-0.72
-0.12
0.08
-0.62
0.37
2.43
-1.37
0.53
0.78
-0.88
-0.37
1.04
-1.57
-0.50
-0.28
0.03
0.94
-0.46
0.11
0.28
1.10
-1.36
0.20
0.15
-1.39
0.23
0.73
-1.59
-0.34
2.16
0.23
-0.42
-1.05
0.30
-0.16
-1.57
-0.96
1.03
-1.15
-0.10
0.81
0.35
-0.33
-1.22
-0.56
-0.79
-0.99
0.39
-1.10
0.80
-0.97
-0.86
1.49
0.53
-0.95
0.89
-0.54
0.22
-0.89
0.72
-0.35
-1.71
-0.52
1.83
-1.77
1.51
-2.94
-2.94
0.21
-1.90
-1.90
1.91
-1.80
-0.95
1.63
-0.82
-1.39
0.79
0.62
0.10
-3.25
3.85
-1.04
-1.62
-0.06
-0.40
0.99
-0.20
-1.31
-0.37
2.20
-0.18
0.60
-0.83
-0.13
-0.00
-1.07
-0.86
0.48
-0.15
-0.08
0.42
-0.33
1.03
-1.95
0.21
1.18
-0.98
-1.03
-0.38
0.79
-1.86
0.51
0.80
-0.62
2.63
0.21
1.05
-0.65
-0.54
-0.06
-0.48
-0.45
0.35
-0.12
-0.47
1.15
1.34
-0.40
0.45
-0.21
0.13
-0.58
-0.47
0.26
-1.46
-0.02
0.96
0.02
-0.03
-0.54
0.14
-0.01
-0.25
0.17
-0.61
-1.44
0.51
0.74
0.55
-2.38
1.07
0.11
-0.06
-0.73
0.28
0.42
-0.26
-1.30
-0.29
0.36
-0.31
-0.01
0.17
-0.28
1.00
-1.21
0.08
-0.29
-0.49
0.72
-0.99
-1.00
2.00
-0.52
0.60
-1.17
2.28
-0.99
-0.21
0.41
-0.63
-0.95
-0.29
0.47
-0.50
1.35
0.21
-0.88
-0.60
1.33
-0.96
-1.41
1.25
-0.44
-0.12
0.04
0.21
-0.72
1.61
1.70
-1.53
0.12
0.28
-0.35
-0.92
-0.32
0.68
-1.30
0.96
0.96
2.46
-1.71
-0.17
1.71
-2.33
-0.02
-0.13
-0.11
-0.50
-0.06
-0.51
1.07
1.48
0.85
-0.26
-0.28
-0.03
-0.89
-0.10
0.55
-1.21
0.64
-1.17
-0.18
3.19
-0.33
-0.91
-0.46
1.18
-0.88
-0.33
-0.38
-0.67
-0.36
0.87
-0.14
1.50
-0.57
0.02
-0.93
-0.43
1.06
-0.70
-0.32
-0.67
0.82
0.48
-0.21
0.87
1.08
-0.15
-1.24
-0.03
-0.43
-0.53
-0.01
1.57
-2.28
-0.40
4.90
-3.99
-0.50
-0.27
0.39
-0.16
-0.06
-0.84
0.39
-0.23
-0.29
0.72
0.27
-0.14
-0.08
-0.08
-0.08
-1.87
-0.56
1.05
-0.79
0.49
0.55
-0.09
-0.63
2.05
-0.23
-0.70
0.72
0.07
-0.87
0.02
-1.15
0.29
0.26
1.31
-0.20
-0.61
0.31
0.18
-1.04
-0.67
0.09
0.83
-1.81
0.94
0.68
0.37
-0.48
-0.28
-0.44
-0.23
0.62
-0.47
-0.95
-0.26
-0.47
1.04
0.17
0.44
-0.27
-0.29
-0.40
-0.71
0.15
0.29
-0.00
-1.37
0.72
0.15
0.24
0.90
-0.55
-1.27
-0.45
1.03
-2.09
0.17
-0.70
0.39
-0.14
0.61
1.75
-1.77
-1.77
0.27
0.36
-1.09
-0.72
-0.28
0.69
-1.39
0.91
0.79
0.73
-0.78
0.47
-1.10
-0.49
0.86
-1.23
0.05
-1.58
0.47
-0.36
1.73
0.48
-1.50
-1.72
2.42
1.10
-0.41
-1.13
0.96
-0.86
0.27
-0.72
0.95
5.06
-1.94
0.72
0.93
-0.45
-0.15
-0.28
-1.42
1.17
-0.58
0.64
2.77
-1.79
-1.44
1.53
-0.05
-0.84
0.70
-0.02
-0.70
1.05
-1.50
0.75
2.42
-2.59
0.12
0.90
0.02
-1.20
-1.03
1.00
-0.81
-1.11
2.65
-0.28
-0.50
0.29
-1.74
-1.74
2.72
-0.52
0.09
-0.03
0.12
1.33
-1.68
0.46
0.41
-0.43
-0.16
-0.26
2.57
0.05
-2.07
1.13
-0.13
-0.31
0.74
2.10
-2.03
-0.48
1.49
-0.23
0.31
-1.94
0.06
-0.50
2.40
-0.73
-1.62
2.82
-1.12
0.19
0.11
0.16
-0.25
1.02
0.00
0.46
-3.51
2.08
1.33
0.03
-0.34
-1.06
1.95
-0.00
-0.91
0.51
-1.46
0.87
0.20
0.29
-0.12
0.29
-0.26
0.59
0.51
-0.48
0.30
0.92
-0.43
0.19
0.54
1.49
-1.26
-0.50
-0.50
1.09
0.06
0.20
-0.16
0.12
-0.60
0.00
1.82
-0.67
-2.48
3.97
-3.02
1.95
0.83
-1.66
1.82
0.45
0.57
-0.39
1.39
-1.82
1.96
-0.41
-0.19
0.48
-1.17
0.99
-0.68
-1.98
0.21
4.08
-2.17
-1.85
2.13
-0.71
0.32
0.86
-0.81
0.00
-0.51
-1.64
3.51
0.16
-1.50
0.01
-0.18
1.12
-0.18
0.54
-0.59
0.01
-0.62
2.18
-1.16
-1.06
2.15
-0.29
-1.42
1.90
-0.92
-0.81
-0.08
-0.02
0.42
0.70
1.73
-0.44
-0.83
0.67
0.67
0.01
0.33
0.25
-0.69
-0.21
-0.21
0.96
-0.30
0.72
0.26
-0.84
0.69
-0.22
-0.61
0.58
0.37
-0.38
-1.72
-0.30
2.60
-1.44
-1.20
2.13
-2.04
2.33
-1.13
-0.84
0.00
-0.62
0.57
0.84
-0.73
-1.12
1.02
0.99
-0.29
-0.18
1.00
-2.41
-1.04
1.37
-0.78
-0.46
-1.85
0.22
2.09
-0.25
-0.22
-0.10
-0.91
0.99
-0.70
-1.09
0.69
-1.03
0.59
1.04
0.64
-0.65
1.02
-1.38
-0.37
-0.88
-0.46
-0.31
-1.04
0.53
0.14
1.04
-0.93
0.76
0.76
-0.38
-0.02
-0.96
-0.71
-0.98
0.77
0.11
0.62
1.13
-0.23
-0.86
0.34
-0.94
-0.29
-0.28
-0.38
0.65
-0.57
0.76
1.33
0.50
-1.12
-0.06
-0.32
-1.58
1.20
-0.51
-0.49
1.20
-0.68
-1.54
3.50
-2.38
0.93
1.48
-1.92
-1.23
-1.44
0.49
-0.40
0.08
-0.28
-0.02
0.11
-0.47
-0.48
0.82
-1.16
-0.20
0.46
-1.50
1.34
0.46
1.33
-0.18
1.60
-0.85
-1.03
0.55
-0.78
-0.25
-0.43
-0.52
0.93
0.09
0.74
1.16
-1.12
-0.54
0.74
-0.90
-0.90
0.55
-0.23
-1.17
1.17
-1.09
2.45
-1.12
0.64
-0.37
-0.78
0.73
-0.59
-0.81
0.14
0.54
-0.77
2.86
-1.23
1.46
0.21
-1.53
0.38
-1.39
0.01
-0.42
1.74
-0.99
0.28
1.56
-2.13
0.03
-0.06
-1.06
-0.70
0.53
-2.41
1.91
1.74
-0.69
-3.82
-1.41
-0.73
-0.67
-0.73
0.50
-1.04
-1.61
0.96
1.28
0.50
-1.47
0.89
0.61
-0.87
-0.76
-0.13
0.20
-0.12
-0.92
1.21
-0.15
0.87
0.78
-1.24
-1.56
2.21
0.00
0.12
-0.34
-1.43
-0.09
1.27
1.27
2.13
-3.28
1.94
0.73
-0.59
-0.36
0.25
-0.31
0.44
0.30
-1.20
1.40
0.24
-0.25
-1.01
1.30
0.51
-0.67
-0.46
0.01
0.61
-0.22
1.26
0.11
-1.17
0.82
-0.05
0.16
0.03
-1.03
1.18
-0.41
-2.62
3.84
0.20
-2.00
-0.98
-0.22
-0.32
0.01
-0.03
-0.94
0.45
-0.89
2.63
-1.29
0.04
1.25
-1.13
2.02
-1.35
-0.32
0.56
-0.62
0.85
2.15
-2.40
0.85
-0.83
0.11
0.81
-1.80
1.08
-0.22
-0.76
0.13
0.72
0.72
0.84
-0.03
-1.38
2.24
-0.48
-1.29
1.50
0.33
-1.47
1.74
-3.29
0.79
2.85
-3.58
1.75
-0.62
-1.20
0.90
0.23
0.03
-0.04
-0.17
0.62
0.57
-1.18
0.64
0.72
1.58
-1.52
-0.24
0.63
-0.87
-0.42
1.76
-3.01
1.24
-1.36
1.31
0.80
0.06
-0.34
-0.75
-1.20
-0.14
1.34
-0.66
0.41
-0.18
0.10
0.22
-0.29
0.62
-0.15
-0.70
0.19
-0.49
0.20
-1.04
1.36
-1.89
2.14
0.41
-0.18
-0.39
-0.36
-1.01
-1.25
1.83
1.83
2.18
2.18
0.50
-1.47
0.94
-0.18
-0.24
0.22
-0.76
-0.63
0.88
-1.33
-2.35
-2.29
-0.06
-0.92
-0.33
-0.36
-0.36
-0.53
-0.15
-0.79
-0.45
1.41
-1.79
2.76
-1.49
-0.44
1.44
-0.66
-0.88
-0.24
-0.74
0.23
-1.46
1.32
1.69
-1.45
0.14
0.20
-0.34
-0.60
-0.42
-0.31
-0.34
1.42
-0.11
-2.12
1.64
0.58
-0.49
0.65
-2.36
0.00
-0.51
0.28
0.13
-0.19
1.44
-0.20
-0.29
-0.06
-0.01
-0.05
-0.81
-0.69
-0.32
0.01
-0.27
0.42
0.33
-0.46
1.47
-1.16
-0.17
-0.01
0.02
-2.19
-2.19
1.18
0.69
-1.08
1.69
-0.17
0.42
-0.46
-1.25
0.29
-0.19
0.60
-0.25
0.81
-0.98
0.85
0.37
-2.24
0.13
0.18
-1.59
-0.95
0.33
0.73
-0.15
0.58
-0.12
-0.43
-0.05
0.68
-0.54
-0.99
0.12
-0.42
-0.45
1.62
-0.25
0.32
1.10
-1.74
0.83
0.64
-0.93
-0.97
-0.94
0.63
-0.19
1.31
0.96
-1.89
0.42
1.55
-0.65
-0.21
0.41
-0.17
-1.13
1.36
1.06
-1.17
0.83
-0.20
-1.39
2.57
-1.43
0.61
-1.10
-0.37
1.27
1.00
-0.42
-0.84
0.55
0.55
0.74
-0.03
-0.39
0.46
-0.38
-0.01
0.68
-0.34
2.15
2.38
-0.82
-1.93
-1.27
-2.18
-0.06
-0.58
0.21
-0.62
-0.31
2.81
-0.62
-1.64
0.68
1.41
-1.47
0.11
0.22
-0.15
1.01
0.35
0.61
1.19
-1.80
-0.14
1.18
-0.02
-0.81
1.14
0.20
-1.67
1.94
0.65
-3.26
2.38
0.05
0.22
0.29
-0.53
-0.68
0.55
0.04
-1.72
2.73
0.26
-1.35
-0.07
0.46
-0.03
0.40
-0.26
0.40
-0.07
-1.03
-0.61
0.80
-2.67
1.59
0.93
0.93
-1.26
0.82
-0.11
-0.75
-0.29
0.23
-1.01
-0.43
0.08
-0.24
0.73
0.62
-1.20
0.52
0.39
-1.78
-0.11
0.16
-0.63
-0.47
-0.37
0.46
0.06
0.13
-0.50
-0.57
0.36
0.22
-0.95
-0.08
0.22
-0.21
-0.12
0.98
-0.80
0.90
-0.07
-0.49
-0.81
-0.21
-1.23
-0.07
0.85
1.20
-0.59
-0.08
0.89
-1.69
-0.64
1.62
-0.75
-0.79
-0.99
1.19
0.34
0.72
-0.21
0.36
-1.20
-1.60
0.61
-0.18
-0.22
-0.07
0.57
-0.94
2.00
0.85
-1.24
0.42
-0.27
-1.53
-1.53
0.75
0.04
0.48
-1.11
1.19
0.86
-1.17
0.40
0.54
-1.70
-0.81
0.91
-1.40
-0.64
2.33
0.72
-1.96
1.56
1.01
-0.98
-0.55
-0.59
-0.32
0.55
-1.71
0.77
2.44
-2.72
-0.31
1.02
-0.86
-0.30
-0.30
-0.01
-1.01
-0.30
1.23
-0.92
1.19
-0.47
-0.75
0.07
-0.87
-0.63
0.62
-0.60
0.44
-0.65
0.94
0.70
-1.59
1.44
0.77
-1.85
-0.80
0.73
-2.03
0.89
0.76
0.49
0.57
-0.92
-0.78
-0.70
0.63
0.57
1.19
-1.31
-1.31
0.02
-1.11
0.57
3.74
-3.82
1.05
0.43
0.73
0.10
0.45
-1.08
-0.79
1.70
0.65
-0.91
-0.23
1.32
0.14
-0.56
0.71
-0.11
-0.60
-1.51
1.85
0.06
-0.93
2.89
2.58
1.16
-0.51
-1.58
1.52
-0.83
-0.78
1.10
-0.62
1.97
-1.59
1.04
-0.70
0.59
0.61
-0.49
1.06
-2.14
-0.82
2.36
-0.19
-1.69
1.38
0.32
0.33
-0.15
0.38
-1.20
-0.31
0.03
0.04
2.06
-1.32
-1.10
1.79
0.26
-0.69
-0.32
0.26
-0.71
-0.56
0.41
-1.10
0.99
1.72
-1.87
0.19
1.14
-0.43
-0.59
0.94
-0.47
-0.46
-1.17
0.02
-1.28
0.27
1.10
-0.54
-0.61
0.66
0.52
-0.54
-0.68
-1.25
0.57
-2.02
1.70
-1.00
0.80
-0.68
0.79
-0.05
-0.46
-1.51
-0.42
1.14
-1.85
-0.51
3.23
-2.26
1.30
-0.75
-0.14
-0.04
-1.09
0.18
-0.17
-1.21
0.88
1.02
0.43
-0.70
0.40
0.02
-1.01
0.15
-0.40
-0.33
-0.32
-0.13
0.04
0.81
-0.73
0.41
-0.19
-1.46
0.44
-0.64
0.24
-0.06
0.61
-0.67
0.76
2.68
-0.32
0.08
-0.09
-0.56
0.28
-1.57
-0.99
-0.39
1.00
3.43
-4.53
-0.96
0.91
-0.45
-0.68
-0.09
-0.39
-0.74
-0.14
-0.45
1.89
0.88
-0.96
0.50
-0.11
0.55
-1.32
-0.53
0.51
-0.63
0.15
0.02
-0.46
0.46
1.12
0.49
0.17
-1.89
-0.13
0.86
0.05
-1.18
-0.27
1.38
0.91
-0.63
-0.83
0.59
-2.28
0.36
0.30
0.13
-0.03
0.15
-0.35
1.25
-0.24
0.09
-0.38
-0.78
-0.68
0.57
-0.71
0.41
-1.07
0.90
-0.43
0.87
-1.87
-1.87
0.82
0.42
-1.49
-0.56
-0.72
-0.16
0.42
2.58
-0.93
-1.41
0.48
1.02
-1.23
-0.32
-1.25
1.58
-1.49
1.01
0.24
0.95
-1.53
0.83
0.09
0.55
0.27
0.86
-0.94
0.63
0.68
-1.53
0.90
-1.82
-0.83
0.54
-0.32
0.44
-0.37
-0.32
-0.20
-0.56
1.50
-0.79
-0.97
1.07
-0.10
-0.31
-0.83
1.38
-0.84
2.38
-0.03
0.47
0.63
2.95
-0.21
-1.32
0.91
-0.42
0.17
0.05
-1.33
-0.02
0.38
1.15
-1.25
0.35
-0.28
0.69
-1.49
-0.91
0.12
-1.14
-1.14
0.96
0.96
1.28
-1.57
-0.09
1.51
-0.02
-0.19
-0.22
-0.36
0.21
-0.21
0.68
1.95
-1.52
0.74
-0.05
0.12
0.55
-0.92
1.14
-1.34
-0.71
0.26
-1.85
0.01
1.78
-0.82
0.70
-1.26
0.24
0.38
-0.90
-0.66
0.25
-0.21
-2.56
1.50
-1.98
3.17
-0.46
-0.32
0.05
-1.21
-0.02
-0.13
-1.04
0.77
0.53
0.92
-0.58
0.17
-0.14
-1.35
0.38
0.31
-0.88
0.34
-0.07
0.78
1.72
0.52
-0.55
0.51
0.19
-1.58
-0.93
1.15
-1.10
0.06
0.06
-0.75
1.51
-1.11
1.50
0.01
-0.08
-0.47
-0.38
-0.31
-0.53
-0.31
0.34
1.52
-0.27
-0.14
-0.46
0.59
-0.43
-1.16
0.03
0.16
-0.16
-0.68
0.83
0.59
-0.09
-0.88
0.42
0.08
-0.28
-0.73
-0.02
-0.80
0.37
1.65
-0.69
0.59
-0.04
-0.18
-0.78
-1.37
0.11
0.17
0.37
0.23
-0.27
0.03
2.11
-1.61
-0.02
-0.41
-0.42
-0.56
0.01
-0.07
0.72
-1.41
2.76
-0.88
-1.50
1.46
0.53
-0.18
-1.25
0.17
-0.19
0.05
-0.13
0.40
0.40
1.13
-2.05
2.08
-0.94
-0.33
1.19
-0.82
-2.25
2.27
1.27
-0.79
-1.37
2.40
-0.33
-0.75
-0.63
0.35
-0.51
0.02
0.22
0.06
-0.30
2.92
-3.27
0.45
0.46
-0.19
0.99
-1.31
-0.39
1.98
0.41
-0.73
-0.32
1.18
-1.30
-0.06
0.44
0.49
0.71
-1.26
-0.02
0.78
0.29
-0.20
0.12
0.70
0.26
-0.97
0.74
-1.06
0.59
-1.33
-0.05
2.35
0.43
-1.89
0.75
0.66
-0.24
-0.31
0.42
-0.21
-1.37
0.32
0.32
1.91
-2.11
1.00
-1.89
2.66
-0.96
-0.77
1.65
-0.78
0.17
4.00
-1.76
1.52
3.65
-3.14
2.00
6.56
4.45
2.29
-0.96
-0.04
0.53
3.89
-0.53
-1.32
3.30
-0.25
-0.30
-1.28
0.78
-0.42
-1.44
-0.07
0.87
-0.27
-1.04
1.45
0.10
-1.25
1.14
-0.92
-1.09
0.37
-0.15
-0.71
0.30
-2.57
0.18
1.10
-0.93
0.03
-0.50
-1.28
-1.24
0.18
1.01
-1.08
0.99
-0.85
1.45
0.67
-0.33
-0.43
-0.10
-1.11
0.42
-0.56
-1.68
2.53
-1.44
0.97
-0.09
0.60
0.60
-0.95
-0.61
0.13
-0.01
1.47
-2.41
-1.77
-1.24
1.75
-0.61
-1.13
0.97
0.31
-0.72
-0.22
-1.05
0.51
-0.92
0.86
-1.60
0.77
0.30
-1.25
0.62
-1.26
-0.07
0.33
-0.44
-1.40
2.40
1.02
-0.28
-1.85
1.88
-2.11
-2.74
1.67
0.12
-0.71
2.90
-1.90
0.27
1.29
-0.15
-1.10
0.55
0.32
-1.22
-0.15
-0.25
0.93
-0.31
-0.62
2.51
-2.58
0.18
-0.50
-0.50
-0.67
-0.14
-1.06
0.22
2.74
-0.52
-0.94
0.21
0.25
-0.47
-0.39
-1.01
0.46
-0.84
0.58
0.32
2.23
2.23
-2.03
0.14
-1.11
-1.28
-0.53
-0.79
0.43
-0.50
0.47
0.14
0.25
0.05
-0.01
-0.21
0.28
-0.59
-1.30
1.12
-1.58
1.05
0.99
-1.23
-0.27
2.78
-2.10
0.97
-0.20
0.34
-1.19
-1.15
1.54
0.61
1.81
-2.73
1.00
2.45
-2.41
1.11
-0.25
0.27
-0.13
-0.60
-0.09
3.18
-0.49
-3.44
2.10
0.28
-0.34
0.73
-1.21
-0.76
0.37
2.39
-1.20
-1.41
2.07
-0.01
0.31
-0.22
-0.64
-0.34
0.25
-1.00
0.12
1.89
-0.76
0.21
-1.54
1.89
-0.82
1.11
1.11
-0.25
-1.44
2.68
-1.56
0.45
-0.67
2.09
-0.79
-1.42
0.99
-0.89
-0.04
-0.46
-1.11
2.95
-1.92
1.51
2.06
-1.39
0.15
1.09
-0.07
-1.37
-0.81
-0.05
0.56
0.57
-1.08
-1.03
3.24
-1.49
0.96
-0.25
-1.18
0.08
-0.52
-0.06
0.58
-0.19
-0.14
-2.86
1.16
-1.17
0.40
1.70
-1.83
-2.16
0.55
0.19
-1.36
-0.57
0.96
-0.72
-0.31
0.68
-0.89
0.02
-0.79
-0.28
-0.17
-1.36
-1.84
-0.80
1.81
0.02
-1.69
0.74
-0.11
0.36
-1.27
-0.14
0.52
-1.80
1.83
0.22
0.42
-0.76
-0.03
-0.24
-0.45
0.48
-0.47
-0.80
0.79
-0.66
0.49
1.52
-1.20
-0.21
1.18
-0.61
-0.84
0.15
-0.46
-1.75
2.06
0.18
0.05
-1.39
0.93
-0.15
-1.09
0.68
-1.32
0.28
-0.12
-0.58
1.64
1.35
-3.06
-0.88
-0.15
-0.17
-0.70
-0.68
-0.18
-0.84
-0.11
1.60
0.76
-1.36
1.22
-0.78
-1.68
-0.60
0.15
0.64
-0.76
-0.87
2.08
-1.42
0.66
0.24
1.46
-0.95
0.27
-0.21
-0.71
-0.97
0.98
1.86
-0.15
1.11
-1.90
0.46
0.46
-0.01
-0.29
-1.41
0.23
-1.11
0.53
1.39
-0.45
-1.30
0.21
2.41
-0.69
-0.29
0.61
-0.45
-0.76
0.19
0.59
-0.06
0.10
0.26
0.93
-0.14
-0.39
-1.00
-0.20
-1.03
0.30
3.23
-0.90
-1.67
0.24
0.20
-0.22
-0.29
0.09
-0.20
0.35
-1.14
0.78
1.65
-0.20
-0.92
-1.26
3.19
-0.40
0.61
-0.25
-0.95
1.32
1.23
-0.97
-0.03
0.62
-0.23
2.38
-2.23
1.78
-0.98
-0.63
3.21
-0.91
-1.10
-0.36
2.61
0.06
0.76
3.20
-2.29
-0.09
1.41
1.41
0.16
-1.28
0.74
2.84
-0.01
-1.55
-0.18
0.05
-0.79
-0.14
0.03
-0.60
-0.39
3.92
-2.39
-0.26
0.13
0.67
0.41
0.11
-0.87
-0.15
-0.61
0.01
0.03
-1.47
1.09
-1.29
1.97
-0.91
1.08
-1.47
-0.14
0.52
-1.26
-0.64
0.21
0.38
-1.24
0.66
0.66
-0.68
-0.35
-1.41
-0.32
0.25
-0.27
-1.06
-2.09
2.21
-0.62
-0.83
0.76
-0.18
-0.99
-1.05
0.83
-1.43
0.93
-0.06
