-0.02
-0.03
-0.03
-0.02
-0.01
-0.02
-0.01
-0.02
-0.02
-0.02
-0.03
-0.02
-0.02
-0.01
-0.02
-0.02
-0.02
-0.02
-0.02
-0.02
-0.02
-0.02
-0.02
-0.02
-0.02
-0.02
-0.02
-0.02
-0.01
-0.01
-0.02
-0.02
-0.02
-0.02
-0.02
-0.02
-0.02
-0.02
-0.02
-0.02
-0.02
-0.02
-0.02
-0.02
-0.02
-0.02
-0.01
-0.02
-0.02
-0.02
-0.02
-0.01
-0.02
-0.02
-0.02
-0.02
-0.02
-0.02
-0.02
-0.02
-0.02
-0.02
-0.03
-0.02
-0.02
-0.02
-0.01
-0.02
-0.02
-0.02
-0.02
-0.02
-0.02
-0.02
-0.02
-0.01
-0.01
-0.01
-0.02
-0.02
-0.01
-0.02
-0.02
-0.02
-0.02
-0.02
-0.02
-0.02
-0.02
-0.02
-0.02
-0.02
-0.02
-0.02
-0.02
-0.02
-0.02
-0.03
-0.02
-0.02
-0.02
-0.02
-0.02
-0.02
-0.02
-0.02
-0.02
-0.02
-0.02
-0.02
-0.02
-0.02
-0.02
-0.02
-0.01
-0.02
-0.02
-0.02
-0.02
-0.02
-0.02
-0.02
-0.02
-0.02
-0.02
-0.02
-0.02
-0.02
-0.02
-0.02
-0.02
-0.02
-0.02
-0.02
-0.02
-0.02
-0.01
-0.02
-0.02
-0.02
-0.03
-0.02
-0.02
-0.02
-0.02
-0.02
-0.02
-0.03
-0.02
-0.02
-0.02
-0.02
-0.02
-0.02
-0.02
-0.02
-0.02
-0.02
-0.02
-0.02
-0.02
-0.02
-0.02
-0.01
-0.02
-0.02
-0.03
-0.03
-0.01
-0.01
-0.02
-0.01
-0.02
-0.02
-0.02
-0.02
-0.02
-0.03
-0.02
-0.02
-0.03
-0.02
-0.02
-0.02
-0.02
-0.02
-0.02
-0.02
-0.02
-0.02
-0.02
-0.02
-0.02
-0.02
-0.02
-0.02
-0.02
-0.02
-0.01
-0.02
-0.02
-0.02
-0.02
-0.01
-0.02
-0.01
-0.02
-0.02
-0.01
-0.02
-0.03
-0.02
-0.01
-0.02
-0.01
-0.02
-0.04
-0.01
-0.02
-0.02
-0.02
-0.02
-0.02
-0.02
-0.02
-0.02
-0.02
-0.01
-0.02
-0.01
-0.01
-0.04
-0.04
-0.01
-0.00
-0.03
-0.01
-0.02
-0.03
-0.02
-0.02
-0.03
-0.03
-0.02
-0.02
-0.02
-0.02
-0.03
-0.03
-0.02
-0.03
-0.03
-0.04
-0.04
-0.04
-0.04
-0.04
-0.04
-0.03
-0.03
-0.03
-0.03
-0.03
-0.02
-0.03
-0.03
-0.03
-0.03
-0.03
-0.03
-0.03
-0.03
-0.03
-0.03
-0.02
-0.03
-0.03
-0.03
-0.03
-0.03
-0.02
-0.02
-0.02
0.00
-0.02
-0.01
-0.01
0.00
0.02
0.03
0.04
0.04
0.04
0.05
0.04
0.04
0.05
0.05
0.05
0.05
0.01
0.03
0.03
0.02
0.01
0.00
-0.01
-0.01
-0.01
-0.02
-0.03
-0.02
-0.06
-0.02
-0.05
-0.04
-0.08
-0.05
-0.03
-0.13
-0.04
-0.08
-0.01
0.10
-0.27
-0.32
0.67
0.12
-0.04
-0.23
-0.60
-0.27
0.17
-0.33
0.32
0.75
0.28
0.23
0.11
0.46
-0.74
0.58
-0.27
-0.85
-0.44
0.74
-0.03
-0.19
0.58
0.59
-0.19
-0.73
0.36
0.81
-0.14
-0.64
0.18
-0.55
0.99
-0.36
-0.52
-0.55
0.32
-0.18
0.24
0.99
-0.45
0.03
-0.19
0.07
-0.89
0.98
-0.23
0.06
-0.37
-0.37
-0.04
0.11
-0.22
0.81
-0.31
-0.39
-0.00
0.65
0.38
1.42
-1.27
-1.26
1.47
-0.15
-0.54
0.19
1.06
-1.21
0.02
-0.01
0.05
0.18
0.48
-0.46
-0.51
0.42
0.08
-0.34
0.81
-0.06
-0.83
0.81
0.26
0.08
0.49
-0.02
-0.95
-0.43
-0.20
0.48
-0.44
-0.05
1.49
-0.43
-0.10
0.68
0.27
-1.03
0.46
-0.07
-0.55
-0.50
0.76
0.08
0.25
-0.69
0.45
-0.12
-0.27
0.56
-0.17
0.15
-0.71
0.45
-2.02
1.02
-0.07
0.49
0.33
-1.40
0.16
-0.77
0.35
1.30
-0.71
1.11
-0.42
-0.69
0.23
-0.26
0.23
-1.71
1.16
0.68
-1.47
0.78
0.90
0.32
-0.60
-1.75
0.38
-0.38
0.06
0.45
-0.23
-0.53
0.39
0.82
-0.38
-0.09
0.13
-0.15
-0.90
0.33
0.21
-0.89
-0.18
0.36
-0.29
-0.51
0.26
0.19
-0.55
0.93
0.50
-0.87
0.55
-0.43
-0.18
-0.61
-0.22
0.02
-0.99
-1.56
2.08
0.64
-0.94
0.03
-0.75
0.59
0.79
0.69
-0.96
-0.18
1.45
0.70
0.36
-0.76
-0.98
0.15
-0.21
-1.21
-0.04
-1.48
1.09
1.08
-1.00
0.99
-0.76
0.05
0.47
0.58
0.91
0.93
-1.02
0.99
-1.04
-1.72
-0.66
-0.25
-1.06
-0.32
-0.25
1.39
-0.69
1.83
-0.51
0.51
0.49
-0.27
1.51
0.61
-2.35
-0.02
0.25
-3.08
-0.34
-0.22
-0.28
0.15
0.43
-1.09
1.49
-0.07
0.59
-0.70
1.47
0.91
0.86
-0.67
0.49
0.34
0.01
-0.34
0.16
-0.18
1.32
-0.55
-0.82
0.54
-1.25
-0.39
-0.23
0.58
1.15
0.68
-0.76
0.37
1.06
-1.81
0.03
0.80
1.70
1.61
-3.27
-1.59
-1.94
0.82
2.06
-0.63
-1.27
-0.28
1.43
1.77
-0.49
1.36
0.69
-2.13
-2.22
0.37
0.20
-1.13
0.73
-1.56
0.24
1.38
0.91
-0.44
2.52
-1.21
-1.00
-1.04
-0.64
0.05
0.30
-0.34
0.02
0.41
0.47
0.78
-0.65
0.02
2.18
-2.79
-0.93
0.73
-1.03
-0.13
0.16
0.06
-0.78
0.90
0.17
-0.52
1.76
0.18
-2.39
0.40
-0.57
-0.60
-0.05
-0.85
1.50
-0.63
0.45
-0.40
1.10
0.00
-0.97
-0.19
-0.40
-0.93
-0.01
0.25
0.44
-0.79
0.48
0.28
-0.64
1.98
-0.32
-1.44
-0.28
0.34
-0.47
-0.08
-0.11
0.26
0.72
-0.92
-1.22
2.78
-1.29
-0.80
-0.58
-0.37
-0.41
-0.23
-0.76
-0.13
-0.01
0.01
-0.77
0.52
0.16
-0.02
-0.28
-0.25
-0.46
-0.99
-0.47
-0.83
2.03
-0.64
-1.50
-0.63
0.95
-0.64
-0.78
-0.25
1.07
1.14
0.16
1.03
1.07
1.16
-2.12
-0.94
0.67
-0.51
-0.51
-1.14
0.70
-0.52
1.52
1.65
-3.11
1.36
-0.38
-0.90
-0.04
-0.03
-1.71
1.75
2.09
-0.49
0.90
-0.43
-0.31
0.07
-0.07
-0.07
-1.20
1.96
-0.94
-0.02
0.50
-0.35
-1.69
1.07
-0.12
-1.50
-0.04
-0.33
2.11
-0.34
-0.16
0.01
0.43
-1.31
-0.29
0.50
-0.47
-0.35
-1.11
0.63
-0.79
1.29
1.30
-0.33
-1.87
1.88
1.84
1.02
1.68
-0.53
0.04
-0.72
0.28
0.60
0.69
0.14
-0.11
-3.26
-0.68
1.95
-0.15
0.02
-0.03
-0.31
1.29
0.36
-1.51
-0.40
-0.45
-0.47
1.07
0.04
0.16
-1.92
1.65
2.25
-3.55
-0.25
-1.56
0.75
-0.43
0.65
0.97
-1.02
-1.49
0.06
1.56
-0.54
-0.10
-0.48
-0.19
-0.26
-0.26
0.22
2.06
0.16
-1.41
0.35
-0.08
-1.71
-0.37
0.94
-0.49
1.77
1.04
-4.01
-0.79
-0.75
-0.41
0.23
-0.52
0.58
-0.85
1.13
0.90
0.25
-2.13
3.13
-0.13
-0.96
-0.75
-0.06
0.80
0.85
0.07
-0.11
-0.54
0.23
0.08
-0.22
-1.94
-0.31
1.96
-1.05
-1.58
0.98
0.31
-1.34
0.20
-0.14
-0.84
-0.92
1.48
0.88
-2.09
0.79
1.19
-0.95
0.70
-1.25
-0.87
0.53
-1.55
-1.68
-0.98
-0.16
-1.60
-0.47
1.85
-2.75
0.82
0.59
-0.71
2.75
-1.43
0.73
-1.46
0.41
-0.36
-0.91
0.97
0.97
0.39
3.61
-1.70
-0.67
0.91
0.85
-0.95
-0.27
1.59
-1.29
0.98
1.14
-0.21
-1.32
2.40
-0.91
-0.35
-0.96
1.38
1.87
-1.67
0.09
1.42
-1.53
-0.65
-0.47
0.67
-1.28
-0.72
0.28
2.43
-2.31
0.42
0.42
-2.19
0.50
1.42
-1.49
1.53
-2.45
0.58
0.88
-1.29
-0.05
-0.65
0.62
0.33
0.79
-1.56
1.88
1.02
-0.47
-0.02
1.66
-0.58
1.78
-2.99
0.98
1.60
0.80
-0.45
1.07
-0.46
-2.14
0.77
-0.77
-0.20
1.09
1.19
-0.59
-0.77
0.52
-2.23
-0.71
1.33
-0.81
0.13
-0.03
1.72
1.72
0.86
-2.65
0.37
-0.07
-1.90
0.22
1.18
-0.82
-0.41
0.96
-4.65
0.32
-0.46
-0.26
1.72
-0.96
-1.94
1.82
0.38
0.85
0.09
0.15
-0.67
0.17
-1.58
1.65
2.84
-1.90
-0.50
1.19
-1.79
0.05
-0.75
1.25
1.06
-0.68
1.99
-0.45
-0.71
0.61
-1.19
0.73
-1.72
-0.46
-0.16
-2.46
-0.03
-2.14
0.69
-2.00
-0.48
0.68
-0.73
-0.68
0.54
1.56
-0.13
0.17
0.52
-1.33
1.04
-1.37
1.06
1.25
2.06
-1.24
-0.52
0.24
-1.25
0.30
1.00
1.18
0.77
-0.95
1.92
-0.62
-1.30
-1.30
0.01
0.18
-3.02
0.50
-1.48
2.25
-0.50
-2.18
0.27
-0.17
-0.02
0.20
-0.84
-0.67
1.45
0.56
0.02
-0.45
1.40
-0.58
0.04
-1.62
0.71
0.60
2.13
-0.26
0.11
0.06
0.53
-2.78
2.47
2.82
-1.32
0.04
1.13
-2.15
-1.55
0.42
1.18
-1.25
0.64
-0.19
1.86
-0.19
-1.59
-0.73
0.09
-0.99
0.66
-1.37
2.26
0.05
-0.55
-0.03
0.83
-2.77
0.43
-1.15
1.33
0.87
0.05
0.78
0.20
0.08
-0.37
-0.44
1.85
-0.26
-1.95
2.96
2.96
0.74
-1.35
0.02
-0.28
-0.81
2.14
-1.81
0.71
1.38
-1.38
-2.01
0.29
1.23
-1.52
-2.80
-1.09
1.24
-0.72
-0.06
0.14
-1.22
-0.65
0.88
0.10
0.05
-0.09
0.63
1.49
-0.46
-1.71
-0.23
-2.20
1.80
3.84
-1.40
0.06
1.71
-2.65
-0.21
0.45
-0.79
0.36
0.47
3.06
-1.20
-1.31
-0.13
-1.00
-1.47
0.28
0.61
-0.30
1.19
-0.47
-0.19
1.02
0.47
0.32
-2.59
-1.05
1.53
2.68
0.19
-0.52
0.01
0.72
-0.17
-0.89
2.34
2.00
-2.37
0.71
0.32
-1.61
-0.16
-0.16
-0.77
1.52
0.64
0.02
1.70
-1.04
-1.09
0.13
-0.74
0.12
-0.62
-0.40
1.60
-0.50
-1.26
0.36
-1.22
1.52
-1.22
-2.17
4.04
0.85
-2.53
3.73
-1.76
-1.03
-3.96
1.27
0.04
2.04
-0.20
-1.09
-1.07
0.58
-0.44
-1.46
0.71
1.68
1.36
-1.17
-0.50
-3.57
1.93
1.72
-1.73
-1.07
0.02
1.95
0.49
1.19
-0.04
-3.86
2.39
-0.66
2.09
-1.11
1.94
0.96
-0.98
0.23
-1.46
1.00
1.91
0.09
0.81
-0.69
0.93
0.44
-1.75
-1.14
-1.27
-2.02
-1.82
0.21
-0.50
-1.42
-0.25
0.37
0.56
-1.62
-3.18
-3.18
1.24
0.16
3.03
0.35
-0.55
-0.89
-0.90
-0.30
0.85
0.73
0.73
-1.86
1.95
-1.28
-1.65
3.28
1.04
-0.10
1.08
0.40
-0.16
-0.58
-1.32
-0.75
-0.22
-1.28
1.04
-1.27
-0.38
-0.23
-0.67
-0.92
1.83
-2.59
-0.17
0.55
3.13
0.87
0.32
0.93
-0.94
-1.11
0.56
0.54
2.37
0.11
-0.80
0.15
-2.35
1.25
-0.28
1.85
-2.01
2.32
0.71
-3.31
-0.21
-0.21
0.30
0.87
-2.49
0.06
0.17
-0.63
-1.18
-2.01
1.50
-2.70
0.40
0.56
2.08
1.85
-2.24
0.73
-1.51
-1.82
3.21
3.56
-2.94
1.40
0.65
-1.60
-1.50
-1.50
-0.23
-0.84
0.74
-0.01
0.57
-0.69
-1.16
-0.67
-0.47
1.96
0.58
0.93
2.21
-0.96
1.61
2.42
0.22
-0.98
-0.48
-1.77
3.04
0.16
-1.50
2.03
-1.41
-0.45
-1.44
1.47
-1.24
3.44
-0.64
0.97
-2.15
-2.56
-1.16
-5.70
-1.26
1.73
-0.27
-0.25
-0.39
-1.29
0.44
0.70
-1.73
1.68
-0.40
1.67
0.75
0.84
0.22
-0.66
-0.00
0.44
-0.26
1.38
1.27
-2.05
-0.40
-0.14
0.43
-0.88
-1.99
-1.11
1.65
-2.09
-0.48
0.18
-0.35
1.11
-1.21
-1.24
2.84
0.25
-0.83
-3.02
-2.24
-1.74
-0.37
0.61
-0.34
3.46
-0.36
-1.17
-2.22
-0.02
0.14
1.97
-0.00
0.36
0.36
-0.09
-0.64
-1.45
1.96
-1.97
-0.38
-1.47
2.02
-0.02
-1.91
-0.20
-0.23
0.14
-1.75
-0.53
2.68
0.98
1.20
0.50
-0.74
0.57
-1.27
-0.13
0.46
2.07
1.72
-1.86
1.20
-2.43
-0.61
-0.46
0.59
0.41
0.15
-0.80
0.30
-0.51
-0.68
1.07
-1.90
-1.37
2.57
0.70
0.49
-2.46
-2.10
-2.94
1.76
-0.06
-0.32
3.78
-0.16
-1.78
-1.35
-1.62
-0.53
0.42
2.44
0.30
-1.18
-0.67
-0.93
0.44
-0.50
-3.39
-6.57
1.59
0.56
-0.06
0.94
-1.76
-0.31
-0.57
2.89
-0.42
0.95
-0.42
1.30
-0.98
-0.98
-0.32
1.42
0.38
0.40
-0.19
0.42
0.20
-2.43
0.05
-0.58
1.36
-1.28
0.98
-0.22
-0.37
-2.23
-0.84
0.68
-2.07
-0.90
1.19
0.27
1.88
0.73
-1.34
0.11
-1.03
-1.40
1.50
0.00
-1.66
0.53
-0.12
-1.67
-1.59
-0.56
-0.88
2.12
1.86
-0.96
0.02
-0.61
-2.81
1.96
0.84
0.12
0.23
2.04
-1.21
0.14
0.00
-0.72
-0.14
0.29
3.20
-0.67
-0.22
-0.46
-0.05
-1.46
1.52
-0.18
0.98
1.21
-0.77
-1.70
-0.85
0.53
-2.35
-1.02
-2.92
1.72
-1.46
-2.40
-0.58
-1.76
1.04
1.04
-1.49
-0.02
0.58
2.47
-1.17
0.63
1.09
0.56
1.04
-0.60
0.89
1.65
-0.09
-0.79
-1.13
-0.24
-1.57
-0.76
0.39
-0.86
1.30
-1.68
-0.59
-0.78
-1.81
0.37
-1.73
1.26
2.67
-0.61
-0.88
2.07
3.36
-2.45
1.05
0.60
1.48
1.76
-1.12
-0.63
-1.29
-1.39
0.78
3.20
-0.02
-0.84
-0.46
-0.60
-1.65
-0.24
1.15
-1.36
0.29
0.68
-1.03
-0.34
-0.36
0.75
-1.54
1.06
1.71
0.44
0.46
0.00
0.28
-3.30
1.74
-1.76
1.91
3.20
-1.46
-0.23
-2.46
-1.05
1.68
1.68
-0.37
-2.62
-0.30
-0.30
-0.84
1.18
-1.51
0.68
-1.02
-0.60
2.36
-1.02
0.44
0.09
2.82
0.12
1.02
0.31
0.32
1.39
0.86
0.12
-1.08
-2.04
1.02
-0.97
0.49
1.96
-0.99
-1.25
-0.93
1.09
1.12
-1.00
-3.85
4.06
1.06
-1.70
-1.79
0.69
-2.81
1.15
1.58
-0.33
2.08
0.32
-0.23
-1.87
-0.36
-1.54
0.48
0.58
0.98
-0.96
0.63
-0.50
-1.04
0.05
-1.28
-0.55
1.49
0.46
-1.48
-0.32
-4.30
-0.21
0.12
1.30
0.33
2.41
0.52
0.27
-2.15
0.23
0.92
2.54
0.66
0.66
-1.55
2.49
-0.70
-0.76
-0.29
1.62
1.96
4.43
-0.09
-2.11
-0.49
-0.93
-0.20
-3.15
-1.38
0.37
1.40
2.03
-0.41
-0.27
-3.93
-1.00
0.67
1.69
1.41
1.28
-0.78
-1.62
0.56
0.06
-0.87
-1.77
-0.05
0.78
-0.73
-0.19
-0.09
-0.31
2.08
-1.89
2.03
2.77
-1.83
0.49
1.85
-0.83
-1.62
-0.98
-0.20
3.97
-0.44
-0.49
-0.38
-0.74
0.57
0.11
1.99
-0.19
0.20
-0.97
-0.48
-2.14
0.93
-2.42
-0.11
1.07
2.74
1.45
-1.97
2.39
-2.06
-1.12
3.96
-2.12
1.82
2.91
-0.27
-0.27
-1.82
-3.24
1.96
1.96
2.51
0.38
0.51
-2.02
-0.51
-0.49
-0.67
-0.79
0.84
0.55
-0.26
-1.78
-0.59
-2.54
0.55
-2.16
1.93
-0.01
2.56
0.36
-0.56
-0.35
1.10
2.11
0.47
0.24
1.66
-1.50
-1.92
-0.37
0.06
-1.25
-0.76
-1.04
1.35
-2.14
-1.93
0.83
0.34
-2.46
0.36
0.82
1.03
1.43
0.16
0.30
0.54
-1.31
1.94
1.16
0.27
1.47
-1.26
-2.54
0.95
0.21
0.96
-3.80
0.68
0.87
-1.50
-1.57
0.78
-1.33
-0.09
-0.06
-0.88
1.23
2.18
1.45
-1.81
0.51
-2.14
0.85
0.85
1.63
2.97
-2.25
2.21
-0.47
-1.73
1.19
0.59
1.53
-0.68
-1.51
0.59
0.21
-0.97
0.27
-2.79
2.53
-0.47
2.55
-0.93
-0.33
-0.94
-1.58
0.77
-0.07
2.08
1.10
-0.80
1.57
-2.81
-1.06
1.13
2.97
2.81
-3.34
1.13
-0.66
-0.24
-0.77
0.44
-2.92
0.75
1.19
-1.81
-0.43
-1.29
0.05
-1.49
-1.41
-0.84
0.91
-0.02
0.18
-1.92
-0.22
0.41
0.11
-0.07
1.79
0.54
-3.05
-1.43
0.43
-0.59
-0.63
-3.58
0.23
0.41
0.33
-1.73
-0.25
-2.18
-0.93
1.60
-0.29
2.25
0.07
1.05
-1.13
-2.63
0.89
0.91
0.91
0.98
1.29
0.48
-0.66
-0.67
-1.21
0.04
-1.38
1.23
-0.69
-2.84
-2.05
-1.08
-0.68
-0.85
0.66
0.67
2.09
0.34
0.17
1.78
-2.94
0.90
2.77
0.50
-1.16
1.50
-0.27
-1.12
0.85
-3.10
-4.30
1.46
-0.65
0.96
-2.56
-0.70
0.48
-0.89
-1.45
1.95
2.28
0.34
1.51
0.50
0.06
-2.00
0.86
0.16
4.82
-0.40
-1.33
-0.83
0.03
0.33
-1.47
1.33
-1.07
0.61
-0.09
-1.23
-0.47
1.51
-0.85
-2.45
1.67
-0.90
1.75
-0.66
1.45
-0.05
-2.88
3.24
3.24
2.15
0.59
-0.19
0.08
-3.17
-0.18
3.40
1.60
0.67
0.07
-0.40
-1.03
-1.22
-0.97
-1.69
-0.93
-0.24
3.16
-0.87
-0.20
-0.28
0.67
-3.40
-0.25
1.54
0.32
0.98
0.52
2.08
-3.16
0.88
-0.98
0.56
1.68
-0.87
0.36
-3.08
-0.64
0.37
2.33
-1.88
1.63
0.01
-2.67
0.22
-2.91
-2.14
1.08
0.42
1.45
-0.30
1.55
1.83
-1.04
-1.76
1.29
0.17
2.14
0.80
1.11
-1.21
-1.47
-0.69
-0.78
-1.03
-1.78
0.87
-0.95
-2.46
-0.63
-2.42
-2.92
-3.02
2.05
0.79
0.79
2.44
2.61
0.96
-2.30
1.94
-0.39
1.71
1.61
0.24
1.01
-3.45
-0.98
0.67
-1.18
0.79
2.71
-0.82
-1.15
-0.65
0.30
1.89
-3.67
2.06
-0.25
1.01
3.09
-1.29
-0.53
-3.33
-0.90
2.02
3.76
0.52
-1.97
0.08
-0.70
-1.29
0.51
1.30
1.22
-0.16
-1.38
-0.67
-0.07
-0.37
-1.56
0.47
-0.32
0.72
1.40
0.45
-1.17
-0.97
-1.30
-1.13
0.37
1.70
1.02
0.06
-1.43
-1.77
-1.57
1.72
0.62
0.38
-1.67
-2.07
0.41
0.59
0.14
-2.85
0.15
1.36
1.94
-3.97
-0.14
-0.23
-1.69
0.96
2.52
2.52
-0.61
2.10
1.09
-2.68
-0.72
1.53
-2.24
2.53
2.90
-0.87
-0.21
-1.61
-0.93
0.86
-1.46
-2.05
0.26
-3.41
-0.74
2.06
0.47
-1.35
-0.55
1.90
1.37
-0.15
0.22
0.77
-1.72
-0.91
0.37
0.28
0.66
0.78
0.58
-0.30
-2.25
-1.08
0.13
-1.31
1.77
-0.00
-5.13
0.33
0.10
-1.54
-1.25
0.50
1.07
0.94
1.89
-2.50
0.25
-3.84
1.70
0.32
-2.05
2.02
-1.65
-0.43
-1.50
-1.91
1.04
0.63
-2.43
-0.37
-0.13
-2.27
-2.01
-0.75
-0.53
-0.42
0.23
0.11
1.57
0.93
0.82
