-0.02
-0.02
-0.01
-0.02
-0.02
-0.02
-0.01
-0.01
-0.01
-0.01
-0.01
-0.01
-0.02
-0.02
-0.01
-0.02
-0.01
-0.02
-0.01
-0.02
-0.02
-0.02
-0.02
-0.01
-0.01
-0.01
-0.01
-0.01
-0.02
-0.02
-0.01
-0.01
-0.01
-0.02
-0.01
-0.02
-0.01
-0.01
-0.02
-0.01
-0.01
-0.01
-0.02
-0.01
-0.01
-0.01
-0.02
-0.02
-0.01
-0.01
-0.01
-0.01
-0.01
-0.01
-0.02
-0.02
-0.02
-0.02
-0.01
-0.01
-0.01
-0.02
-0.02
-0.02
-0.01
-0.01
-0.02
-0.01
-0.01
-0.01
-0.01
-0.02
-0.02
-0.01
-0.01
-0.01
-0.01
-0.01
-0.02
-0.02
-0.02
-0.02
-0.01
-0.01
-0.01
-0.01
-0.01
-0.01
-0.02
-0.02
-0.01
-0.02
-0.01
-0.02
-0.02
-0.01
-0.02
-0.02
-0.02
-0.01
-0.02
-0.02
-0.02
-0.01
-0.01
-0.02
-0.01
-0.01
-0.01
-0.01
-0.01
-0.01
-0.01
-0.01
-0.02
-0.01
-0.01
-0.01
-0.01
-0.01
-0.01
-0.01
-0.02
-0.02
-0.01
-0.01
-0.01
-0.01
-0.02
-0.01
-0.01
-0.02
-0.01
-0.01
-0.01
-0.01
-0.02
-0.02
-0.01
-0.01
-0.01
-0.01
-0.01
-0.01
-0.02
-0.01
-0.02
-0.02
-0.01
-0.02
-0.02
-0.02
-0.01
-0.01
-0.01
-0.02
-0.01
-0.01
-0.02
-0.02
-0.02
-0.01
-0.01
-0.01
-0.02
-0.02
-0.02
-0.02
-0.02
-0.02
-0.02
-0.01
-0.02
-0.02
-0.02
-0.02
-0.02
-0.01
-0.01
-0.01
-0.02
-0.02
-0.02
-0.01
-0.02
-0.02
-0.02
-0.02
-0.01
-0.01
-0.01
-0.01
-0.01
-0.02
-0.01
-0.01
-0.01
-0.02
-0.02
-0.01
-0.01
-0.01
-0.01
-0.01
-0.01
-0.02
-0.02
-0.02
-0.02
-0.02
-0.01
-0.01
-0.02
-0.02
-0.02
-0.01
-0.01
-0.01
-0.01
-0.01
-0.01
-0.01
-0.00
-0.02
-0.01
-0.01
-0.02
-0.01
-0.01
-0.01
-0.02
-0.05
-0.04
-0.03
-0.03
-0.03
-0.01
-0.01
-0.02
-0.01
-0.02
-0.01
-0.01
-0.02
-0.02
-0.03
-0.03
-0.03
-0.02
-0.01
-0.01
-0.01
-0.01
-0.01
-0.01
-0.01
-0.00
-0.00
-0.01
-0.01
-0.00
0.00
-0.00
-0.00
-0.01
-0.01
-0.01
-0.01
-0.01
-0.01
-0.00
0.00
-0.00
-0.00
-0.01
-0.00
-0.01
-0.02
-0.01
-0.01
-0.01
-0.01
-0.01
-0.01
-0.01
-0.01
-0.01
-0.02
-0.02
-0.02
-0.01
-0.01
-0.01
-0.01
-0.01
-0.00
-0.01
-0.02
-0.02
-0.02
-0.06
0.18
0.06
0.08
0.09
-0.10
-0.14
-0.28
-0.17
0.34
-0.12
0.05
0.62
0.28
-0.69
-0.69
0.86
0.60
0.41
0.56
0.58
0.10
-0.72
-0.64
-0.16
-0.53
-0.56
0.21
0.53
0.42
0.62
0.75
0.72
0.37
0.34
-0.19
-0.84
0.15
-0.61
-0.17
0.01
0.31
0.39
0.29
0.28
0.39
0.23
-0.01
-1.09
-0.77
0.27
-0.42
-0.36
0.15
-0.10
0.11
0.44
0.02
0.47
0.47
-0.30
-0.28
-0.41
-0.32
-0.54
-0.27
-0.02
0.07
0.57
0.06
0.13
0.21
-0.19
-0.21
-0.07
-0.08
-0.20
-0.40
0.28
-0.19
-0.30
0.15
-0.10
0.36
0.68
0.07
-0.13
-0.52
-0.27
-0.02
-0.79
-0.33
-0.35
-0.27
-0.27
-0.20
0.24
0.27
0.72
0.11
-0.07
-0.22
0.28
-0.54
-0.47
0.23
-0.65
-0.30
0.23
-0.26
0.12
0.83
-0.12
0.14
-0.15
0.05
0.08
-0.20
-0.11
0.11
-0.30
0.30
0.20
-0.17
0.17
0.07
-0.26
-0.13
-0.46
-0.42
-0.22
0.29
0.11
0.10
0.35
0.06
0.18
0.69
-0.20
-0.40
-0.36
-0.06
-0.23
-0.44
-0.00
-0.15
0.25
0.34
0.06
0.45
0.67
-0.13
0.04
-0.18
-0.16
-0.34
0.15
-0.33
0.01
0.22
0.25
0.17
0.43
0.63
-0.08
-0.15
0.05
-0.05
0.22
0.36
-0.84
0.15
0.41
-0.29
-0.29
0.15
0.65
0.19
-0.14
0.06
0.07
-0.30
0.14
-0.53
-0.13
0.53
-0.40
0.05
0.22
0.32
0.41
0.06
-0.06
-0.38
0.08
-0.01
-0.44
0.22
-0.25
-0.30
0.36
0.15
0.18
0.34
-0.25
-0.08
0.09
-0.42
-0.22
0.47
-0.26
-0.51
0.59
0.10
-0.26
0.84
0.09
-0.58
-0.38
0.02
-0.42
0.03
0.00
-0.09
0.28
0.20
0.05
0.55
-0.46
0.42
-0.61
-0.14
0.26
-0.31
-0.04
-0.27
0.08
0.19
0.01
-0.18
-0.22
-0.28
0.25
-0.49
-0.03
-0.03
-0.03
-0.34
0.04
-0.18
0.14
-0.07
0.29
-0.15
-0.54
-0.16
-0.06
-0.16
0.38
-0.59
-0.04
0.41
-0.11
0.33
0.31
0.12
-0.30
-0.27
0.14
-0.22
-0.51
0.37
-0.06
-0.08
0.11
-0.07
0.00
0.49
0.03
-0.10
-0.52
0.03
-0.21
-0.32
0.24
0.05
0.02
0.29
-0.03
0.19
-0.01
-0.32
-0.22
-0.35
-0.48
-0.23
-0.31
-0.04
-0.27
0.14
0.36
0.10
0.49
0.81
-0.34
-0.05
-0.09
-0.73
-0.41
-0.73
-0.33
-0.08
0.63
0.08
0.13
0.71
0.52
0.08
-0.12
-0.26
-0.21
-0.47
-0.15
-0.03
0.88
0.05
0.05
-0.46
-0.05
-0.01
-0.07
-0.12
-0.08
-0.10
-0.12
-0.40
-0.28
0.21
0.63
-0.43
0.05
-0.03
-0.30
0.14
-0.20
-0.34
-0.20
-0.19
-0.11
0.03
0.10
0.38
0.39
0.30
0.25
0.39
0.36
-0.22
-0.12
-0.67
-0.90
1.13
0.04
-0.57
0.13
0.39
0.31
-0.10
0.18
0.65
-0.13
-0.26
-0.01
-0.38
0.09
-0.11
0.10
0.18
0.01
0.02
0.08
0.28
0.32
-0.12
0.15
0.23
-0.72
0.19
0.46
-0.13
-0.40
-0.18
0.24
-0.06
0.15
0.48
-0.51
-0.18
0.12
-0.21
-0.21
0.12
0.04
0.06
0.04
0.36
0.12
-0.08
-0.77
0.15
-0.22
-0.16
-0.18
0.07
0.34
-0.27
0.09
0.50
-0.06
-0.07
-0.37
-0.54
-0.22
-0.23
-0.26
-0.72
0.39
0.24
-0.12
0.50
0.42
0.17
-0.08
-0.14
-0.46
-0.28
-0.71
-0.45
-0.40
-0.69
0.26
-0.63
0.30
0.56
0.39
0.25
-0.43
0.05
-0.38
-1.12
0.43
-0.20
-0.94
-0.07
-0.14
0.07
0.77
0.17
-0.38
-0.36
-0.54
-0.08
-0.35
-0.40
-0.28
-0.10
-0.11
0.01
0.16
0.34
0.00
0.00
-0.49
-0.15
-0.09
-0.40
0.20
-0.39
-0.04
0.28
0.09
0.10
-0.05
0.58
0.20
-0.20
-0.15
0.20
-0.11
-0.25
0.06
-0.28
-0.20
0.04
0.16
-0.24
0.10
0.34
0.05
-0.43
-0.01
-0.24
-0.30
0.44
0.12
0.31
-0.40
0.16
0.49
0.21
-0.36
0.13
-0.43
-0.27
-0.01
-0.23
0.19
0.05
0.11
0.53
0.01
0.02
0.46
-0.26
-0.11
-0.47
-0.12
-0.54
-0.19
0.34
0.15
-0.26
0.75
0.18
-0.02
0.42
0.18
0.01
-0.29
-0.18
0.03
0.05
-0.32
-0.17
0.11
-0.16
-0.05
0.36
0.16
-0.11
0.27
-0.45
-0.04
0.41
0.63
0.11
0.09
0.42
0.08
0.08
0.08
0.62
0.12
-0.19
-1.51
0.24
0.34
-1.05
-0.11
0.43
-0.27
0.00
0.44
0.21
0.17
0.51
-0.16
-0.42
-0.26
-0.39
0.36
0.14
-0.56
-0.04
0.91
0.63
0.12
0.47
-0.32
-0.26
-0.27
-0.41
-0.03
0.14
-0.34
0.24
0.05
0.08
0.50
0.23
-0.45
-0.04
-0.59
-0.46
-0.13
-0.46
-0.33
-0.13
-0.30
0.11
0.04
0.06
-0.63
0.37
0.43
-0.40
0.04
0.20
-0.34
-0.10
-0.16
0.07
-0.13
0.30
-0.14
0.42
-0.29
-0.05
-0.03
0.13
-0.25
-0.37
0.20
-0.45
-0.40
0.40
0.20
0.18
-0.26
-0.34
0.39
-0.11
-0.85
0.19
-0.31
-0.11
0.36
-0.26
0.33
0.29
0.01
-0.20
-0.41
-0.34
0.28
-1.03
-0.56
0.30
-0.12
-0.30
0.24
-0.05
0.66
0.01
-0.24
-0.58
-0.22
-0.01
-0.93
-0.04
0.15
-0.11
0.25
0.60
0.16
0.49
0.44
-0.26
-0.24
-0.36
-0.02
-0.35
-0.45
-0.07
0.23
0.16
0.15
0.12
0.31
0.33
-0.11
-0.38
0.00
-0.02
-0.71
-0.17
0.11
0.31
0.24
0.09
0.15
0.43
0.07
-0.07
-0.08
0.10
-0.40
-0.41
-0.02
-0.42
-0.42
-0.02
0.29
0.01
-0.22
0.41
0.30
-0.18
-0.26
-0.12
-0.07
0.06
0.27
0.00
-0.00
0.09
0.10
0.12
0.47
-0.06
-0.13
-0.04
-0.36
-0.49
0.27
-0.06
-0.12
0.52
0.30
0.14
0.27
0.57
-0.07
-0.39
0.36
-0.71
-0.11
0.31
-0.28
-0.00
0.43
0.18
-0.07
0.25
0.60
-0.24
-0.45
0.32
0.16
-0.25
-0.09
-0.05
0.18
0.14
0.12
-0.01
0.07
0.21
-0.44
-0.12
0.34
-0.28
0.25
-0.04
0.09
0.15
0.12
0.08
0.07
0.31
0.21
0.21
-0.02
-0.15
0.03
0.20
-0.13
-0.00
0.81
-0.29
-0.14
0.49
-0.19
-0.57
0.02
-0.51
-0.31
-0.08
-0.05
0.17
-0.01
0.03
0.12
0.15
0.06
-0.24
-0.28
-0.01
-0.38
-0.08
-0.31
-0.05
0.11
0.14
0.13
0.28
0.33
0.23
-0.75
0.13
0.10
-0.81
-0.26
-0.16
-0.36
-0.01
-0.36
0.38
0.47
0.68
-0.45
0.01
-0.26
-0.68
-0.49
-0.26
-0.55
0.11
-0.40
-0.33
0.12
0.18
0.62
0.05
0.08
-0.06
0.04
-0.05
-0.55
-0.79
0.43
-0.08
0.26
0.23
0.23
0.32
0.14
-0.07
-0.16
-0.27
-0.17
-0.55
-0.18
-0.30
0.27
0.30
0.28
0.24
0.28
0.15
-0.27
-0.38
-0.24
-0.06
-0.45
-0.04
0.02
0.02
0.20
0.06
0.16
0.62
0.15
-0.04
-0.37
0.34
0.05
-0.50
-0.45
-0.29
0.21
0.26
-0.22
0.36
0.71
-0.11
-0.16
-0.02
0.02
-0.21
-0.14
-0.40
0.01
0.06
-0.17
0.15
0.19
0.34
-0.02
-0.01
0.09
0.09
-0.24
-0.17
0.25
-0.06
-0.25
0.39
0.15
-0.24
0.47
0.18
-0.54
-0.22
-0.27
0.35
0.35
-0.12
-0.62
0.36
0.39
0.17
0.39
0.43
0.58
0.14
-0.31
0.16
-0.67
-0.17
-0.15
-0.54
0.00
0.43
0.02
0.11
0.33
0.73
-0.26
-0.47
-0.19
0.32
-0.28
-0.21
0.26
0.03
0.21
0.32
0.25
-0.02
-0.33
-0.69
-0.07
-0.21
-0.12
0.58
-0.09
-0.13
0.31
0.18
-0.31
0.01
-0.44
0.25
0.03
-0.19
0.18
-0.17
0.13
-0.30
0.03
0.02
-0.11
0.27
-0.16
-0.29
0.29
-0.65
-0.33
0.15
-0.18
0.13
0.31
0.12
-0.12
0.49
-0.49
-0.32
-0.15
-0.11
-0.32
-0.23
-0.23
-0.30
-0.71
0.42
0.08
-0.31
0.46
0.26
-0.12
-0.04
-0.68
-0.31
-0.26
-0.09
-0.14
-0.16
-0.38
0.54
0.06
0.42
0.41
-0.14
-0.20
-0.03
0.29
-0.57
-0.47
-0.38
-0.13
0.06
0.17
-0.25
0.37
0.35
-0.57
-0.00
-0.09
-0.21
-0.04
0.16
-0.31
-0.09
0.02
0.07
-0.05
0.21
0.04
-0.07
-0.29
-0.09
0.28
-0.31
0.21
-0.23
-0.00
0.00
0.05
-0.14
0.38
-0.02
-0.34
-0.31
0.07
-0.22
-0.14
0.34
0.26
-0.11
-0.10
-0.11
-0.07
0.45
-0.44
-0.08
-0.47
0.12
0.10
0.10
-0.16
0.51
-0.27
-0.36
0.45
-0.27
-0.39
0.51
-0.19
-0.32
-0.43
-0.30
0.34
0.12
-0.13
0.54
-0.09
0.04
0.05
0.00
0.28
-0.31
-0.08
-0.30
-0.14
0.03
0.08
0.38
0.01
0.06
0.27
-0.31
0.40
0.69
-0.35
-0.07
0.04
-0.44
0.06
0.22
0.50
-0.37
-0.26
0.53
-0.03
-0.18
0.51
-0.12
-0.37
-0.09
-0.63
0.13
-0.04
-0.11
0.21
-0.02
0.29
0.39
-0.09
0.42
-0.49
0.06
0.02
-0.47
0.11
0.11
-0.14
0.12
0.11
0.10
-0.01
-0.04
-0.04
0.20
-0.36
-0.07
0.03
-0.21
-0.01
0.33
-0.07
0.02
0.19
-0.17
-0.12
-0.62
0.10
-0.25
-0.21
0.32
-0.17
0.07
0.33
0.20
-0.14
0.37
-0.38
-0.25
-0.12
0.21
-0.25
-0.06
-0.18
-0.36
0.01
-0.28
-0.07
0.00
0.23
-0.02
-0.11
-0.08
0.54
-0.52
-0.10
0.38
-0.07
-0.09
0.15
-0.00
0.26
-0.19
-0.27
-0.09
-0.42
-0.09
-0.13
-0.11
0.30
0.21
0.27
-0.01
-0.26
0.03
0.02
-0.17
-0.42
-0.35
-0.18
-0.02
0.21
-0.31
-0.13
0.55
0.13
-0.04
-0.04
0.26
0.23
-0.45
-0.26
-0.17
0.04
-0.32
-0.14
0.12
-0.07
0.35
0.17
0.01
0.38
0.12
-0.26
-0.17
-0.24
-0.19
-0.21
-0.19
0.05
0.14
0.31
0.09
0.23
0.36
-0.10
-0.07
-0.39
-0.29
-0.21
-0.38
0.29
0.10
0.17
0.37
0.13
0.07
0.46
-0.34
-0.16
-0.06
-0.08
-0.51
0.36
0.24
-0.09
0.36
0.31
0.04
0.36
0.51
0.12
-0.07
-0.40
-0.28
-0.55
-0.03
0.61
0.07
-0.03
0.76
0.53
0.34
0.71
0.03
-0.23
-0.32
-0.30
0.26
-0.57
0.02
0.73
0.73
-0.29
0.29
0.58
-0.01
0.54
0.26
-0.48
0.09
-0.48
0.17
-0.20
-0.13
0.49
0.23
0.19
0.29
0.41
0.46
-0.47
-0.04
-0.09
-0.31
0.23
0.00
0.25
0.21
0.23
0.29
0.04
-0.07
-0.11
-0.02
-0.23
0.24
0.09
-0.13
-0.11
0.20
0.14
-0.26
0.03
-0.00
-0.30
0.30
-0.23
-0.19
0.04
-0.18
-0.05
0.06
0.10
-0.17
0.32
0.17
-0.37
-0.11
0.06
-0.94
-0.34
0.38
-0.21
-0.25
0.52
0.51
0.26
0.64
-0.43
-0.36
-0.28
-0.26
-0.57
-0.20
-0.13
-0.30
-0.30
0.13
0.14
0.22
0.20
0.28
-0.03
-0.67
-0.30
0.00
0.07
0.10
-0.10
0.05
0.37
-0.01
-0.12
0.27
0.01
-0.13
-0.10
-0.13
0.32
-0.18
0.03
-0.19
-0.07
0.26
0.34
-0.14
0.10
0.20
-0.55
-0.56
-0.15
0.04
-0.38
-0.09
-0.18
0.53
0.18
-0.06
0.01
0.71
0.00
-0.12
-0.34
-0.23
-0.05
-0.67
0.29
-0.22
-0.03
0.01
0.15
0.10
0.47
0.22
-0.15
-0.10
0.10
-0.15
-0.19
0.22
-0.16
0.06
-0.04
0.08
0.07
0.21
0.29
0.12
-0.49
0.06
0.06
-0.07
-0.16
0.23
0.12
0.17
0.54
0.58
-0.23
0.56
0.19
-0.28
-0.14
-0.14
-0.36
-0.09
-0.05
-0.40
0.13
0.55
-0.18
0.15
1.01
-0.09
0.09
0.24
-0.25
-0.10
-0.29
0.14
0.34
0.26
-0.62
-0.04
0.35
0.01
-0.01
0.31
-0.49
-0.35
0.50
0.37
-0.19
0.30
0.37
0.15
-0.02
0.21
0.12
-0.52
-0.26
0.07
-0.10
0.46
0.12
0.05
-0.01
-0.11
0.44
-0.12
0.00
0.66
-0.12
0.14
-0.12
-0.37
0.07
-0.26
-0.08
0.05
-0.02
0.48
0.48
0.08
-0.36
0.09
-0.66
-0.36
0.18
-0.21
0.14
0.15
0.23
0.17
0.17
0.09
-0.09
-0.60
-0.18
-0.00
0.02
-0.11
0.50
0.33
-0.10
0.32
0.02
0.10
-0.39
-0.08
-0.60
-0.27
-0.06
-0.32
-0.53
0.83
-0.09
0.08
0.42
0.37
0.42
-0.41
-0.34
-0.74
-0.39
-0.87
-0.42
-0.30
-0.07
0.15
0.18
0.23
0.17
0.02
-0.01
-0.29
-0.48
0.19
-0.86
-0.78
0.02
0.12
-0.29
0.12
0.18
0.19
-0.01
-0.53
-0.18
-0.77
-0.62
-0.45
0.00
0.12
-0.42
0.10
0.15
0.15
0.05
0.47
-0.06
-0.34
-0.47
-0.51
0.05
-0.72
-0.17
0.10
0.47
0.48
0.13
0.25
0.34
-0.10
-0.52
-0.55
-0.16
-0.18
-0.77
-0.43
0.19
0.50
0.39
0.19
0.26
0.50
0.03
-0.26
-0.33
-0.28
-0.23
-1.13
0.18
-0.06
0.08
0.62
-0.09
0.22
0.99
-0.08
0.10
0.23
-0.52
-0.34
-0.23
-0.15
0.05
-0.10
0.45
0.61
0.55
0.89
0.74
0.42
0.14
0.07
-0.82
-1.03
0.02
0.26
-0.36
-0.89
0.68
0.34
0.54
0.65
0.55
-0.76
-0.10
0.12
-0.84
-0.02
-0.02
0.11
-0.61
0.31
0.42
-0.01
0.43
0.25
-0.37
0.10
-0.49
0.21
0.15
-0.38
0.16
0.55
0.21
-0.10
0.23
0.31
-0.13
-0.42
0.18
-0.03
0.12
-0.25
-0.07
-0.04
-0.24
0.21
-0.05
-0.07
-0.25
-0.10
-0.31
0.19
0.08
-0.15
0.00
0.25
-0.10
0.25
0.37
0.09
-0.91
-0.10
-0.14
-0.54
-0.25
0.20
-0.02
0.07
0.19
0.23
0.19
0.86
-0.22
-0.10
-0.88
-0.73
-0.03
-0.44
-0.45
0.01
-0.12
0.05
0.30
-0.04
0.07
-0.06
-0.17
0.01
-0.17
-0.11
-0.46
-0.46
-0.54
0.34
-0.33
-0.25
0.11
0.45
0.10
-0.19
-0.36
0.27
-0.23
-0.08
0.28
0.10
0.17
-0.02
-0.03
-0.11
0.19
-0.05
-0.35
-0.29
0.13
-0.12
0.11
0.01
0.01
-0.02
0.08
0.01
0.05
0.31
-0.15
-0.41
-0.06
-0.02
-0.44
0.23
-0.04
0.03
-0.01
0.23
-0.17
0.02
0.29
-0.11
-0.39
0.01
0.17
-0.45
0.28
0.11
-0.03
0.29
-0.12
-0.22
0.59
-0.13
-0.32
-0.03
-0.38
-0.14
-0.13
-0.27
0.30
-0.13
0.59
0.11
0.09
0.27
0.10
-0.27
-0.17
-0.34
-0.29
-0.56
-0.16
0.21
0.13
0.58
0.56
-0.33
-0.00
0.77
-0.09
-0.04
-0.21
-1.01
0.51
-0.21
-0.40
0.32
0.36
0.29
0.46
0.56
0.68
0.06
-0.31
-0.18
-0.32
0.07
-0.13
-0.12
0.37
0.21
0.31
0.04
-0.11
0.50
0.21
-0.15
0.25
0.01
-0.37
0.26
-0.07
-0.12
0.25
0.06
0.06
-0.02
0.27
-0.20
-0.07
0.30
-0.08
0.29
0.27
0.44
0.41
-0.23
0.13
0.16
-0.13
0.40
-0.68
-0.27
0.20
-0.41
-0.48
0.57
0.36
-0.02
0.61
0.39
-0.15
0.68
-0.51
-0.40
0.05
-0.85
-0.10
-0.23
-0.40
-0.08
0.41
-0.04
0.00
0.79
0.17
-0.44
-0.12
-0.54
-0.72
-0.28
0.02
-1.04
-0.25
0.44
0.04
0.55
-0.59
-0.52
-0.13
-0.15
-1.11
-0.32
-0.08
-0.26
-0.13
-0.01
0.37
0.19
0.34
-0.08
0.25
-0.20
0.09
-0.25
-0.40
-0.06
-0.30
0.01
-0.04
0.02
0.31
0.31
0.12
0.04
-0.18
0.17
-0.28
-0.04
0.14
-0.34
-0.36
0.07
-0.28
0.34
0.29
-0.38
-0.15
-0.38
-0.31
-0.66
-0.18
0.15
-0.10
0.07
0.22
0.07
0.11
0.39
-0.15
-0.35
-0.20
-0.17
-0.40
-0.74
0.14
-0.13
0.66
0.41
0.20
0.62
0.35
0.52
0.22
-0.21
-0.19
0.08
-0.66
-0.51
0.17
0.07
0.01
0.10
0.63
0.97
0.80
-0.02
0.05
-0.32
0.26
-0.38
-1.04
-0.34
0.39
-0.07
0.32
0.30
0.01
0.46
0.00
-0.20
-0.12
0.05
0.14
0.13
0.19
0.32
0.11
0.10
0.05
0.33
-0.07
-0.24
-0.43
-0.56
0.06
0.13
-0.04
0.23
-0.09
-0.10
0.13
0.36
0.35
-0.09
-0.13
-0.43
-0.27
-0.12
0.24
0.12
0.08
0.30
0.37
0.01
0.22
0.42
0.42
-0.03
-0.37
0.24
0.19
-0.35
0.53
0.40
-0.14
0.00
0.85
0.05
-0.04
0.73
-0.21
-0.71
-0.04
0.19
-0.18
0.43
0.45
0.07
-0.04
0.73
0.00
0.16
-0.23
-0.43
-0.19
0.40
-0.79
-0.69
0.09
0.08
-0.34
0.02
0.36
0.09
-0.04
-0.07
-0.24
-0.27
-0.06
-0.81
-0.25
0.15
-0.05
-0.02
0.25
0.49
0.08
-0.43
-0.39
-0.03
-0.46
-0.16
-0.00
-0.13
-0.24
-0.04
0.14
0.03
-0.15
-0.16
-0.48
-0.18
-0.18
-0.24
-0.29
0.04
-0.06
0.28
0.28
0.08
-0.22
0.39
0.01
-0.37
-0.48
0.39
-0.18
-0.66
0.38
-0.38
-0.29
0.26
-0.19
0.11
0.86
-0.26
-0.43
-0.32
-0.18
-0.22
-0.06
-0.24
-0.08
-0.20
0.48
0.11
-0.01
0.84
0.08
-0.23
0.19
-0.07
-0.37
-0.32
-0.31
-0.18
0.84
0.17
-0.34
0.65
0.23
-0.26
-0.17
-0.70
-0.08
0.07
-0.34
-0.19
-0.19
0.63
0.19
-0.02
0.58
0.29
0.03
-0.76
-0.64
0.32
-0.79
-0.22
0.34
-0.01
0.24
0.05
-0.10
0.52
0.21
-0.23
-0.23
-0.37
-0.15
-0.33
0.06
0.25
0.11
-0.01
-0.01
0.07
0.19
0.42
0.07
-0.20
-0.19
-0.32
-0.47
0.07
0.25
-0.01
-0.15
0.13
0.09
0.09
0.34
-0.08
-0.23
-0.05
-0.12
-0.02
0.28
0.32
0.10
0.35
0.49
0.30
0.13
0.58
0.14
-0.06
-0.07
-0.11
-0.64
-0.20
-0.01
-0.45
0.34
0.45
0.04
0.67
0.86
0.48
-1.04
-0.28
-0.34
-0.14
-0.57
-0.23
0.37
0.43
0.03
0.22
0.52
0.76
-0.29
-0.74
-0.18
-0.35
-0.52
0.16
0.25
-0.37
0.38
0.61
0.03
0.26
-0.21
-0.00
-0.87
-0.46
-0.43
-0.43
-0.21
-0.03
0.02
0.09
0.38
0.44
-0.08
-0.45
-0.12
-0.24
-0.61
-0.51
-0.28
-0.54
-0.16
-0.15
0.25
0.65
-0.26
0.17
-0.38
-0.06
-0.13
-0.62
-0.52
-0.32
-0.30
-0.30
-0.08
-0.40
0.58
0.40
0.13
0.19
0.07
-0.18
-0.30
0.42
-0.37
-0.30
0.21
-0.07
0.02
0.41
0.13
-0.05
0.23
0.36
-0.48
-0.06
0.16
-0.52
0.08
-0.00
0.52
0.03
0.15
-0.13
-0.35
-0.41
-0.39
-0.24
-0.43
0.05
0.43
-0.43
0.21
0.11
0.09
0.45
0.02
-0.01
-0.35
0.12
-0.10
-0.18
0.06
-0.32
0.26
0.26
0.22
-0.01
0.17
0.58
-0.27
-0.05
-0.13
-0.39
-0.32
0.25
0.11
-0.08
0.03
0.09
-0.08
0.08
0.41
-0.20
-0.15
-0.32
0.05
-0.41
0.01
0.16
0.14
0.15
0.07
0.18
0.19
0.26
-0.02
-0.23
-0.25
-0.06
-0.10
0.18
-0.10
0.26
0.27
0.22
0.15
0.23
0.26
-0.01
-0.08
-0.38
-0.39
-0.10
0.20
-0.27
0.24
0.42
-0.06
0.37
0.61
0.27
0.06
-0.38
-0.98
0.05
0.31
-0.51
-0.11
0.21
-0.01
0.05
0.14
0.31
0.42
-0.35
0.06
0.06
0.06
0.06
-0.06
0.19
0.15
-0.16
-0.07
-0.06
-0.14
0.00
0.11
-0.01
0.04
-0.03
-0.03
-0.04
0.01
-0.10
-0.14
0.10
-0.02
-0.12
-0.08
0.09
-0.44
0.26
-0.11
-0.05
0.08
0.09
0.05
0.22
-0.05
-0.11
-0.28
-0.37
0.26
-0.44
-0.03
0.20
-0.11
-0.02
0.42
-0.00
-0.20
0.44
-0.27
-0.43
-0.19
-0.08
-0.57
0.02
-0.31
-0.20
0.04
0.29
0.18
-0.04
0.24
-0.24
-0.18
-0.30
-0.12
-0.65
0.15
-0.32
-0.68
-0.68
0.22
0.26
0.27
0.58
-0.25
-0.14
0.07
-0.19
0.14
-0.38
0.18
-0.12
-0.38
0.51
-0.05
0.09
0.70
0.06
-0.22
-0.19
-0.19
-0.27
-0.31
-0.10
-0.27
-0.05
0.33
0.26
0.10
0.29
-0.07
0.14
-0.53
-0.10
-0.09
-0.59
-0.05
0.06
0.07
0.25
0.06
0.16
0.60
0.12
-0.11
-0.17
-0.20
-0.09
-0.39
-0.25
0.02
0.08
0.16
0.03
0.25
0.37
-0.41
-0.18
-0.27
0.03
-0.25
-0.21
-0.32
0.07
0.27
-0.03
0.04
0.47
0.30
-0.15
0.00
-0.61
-0.27
0.10
0.23
-0.04
-0.10
-0.01
0.03
0.05
-0.14
0.12
0.42
-0.01
0.14
-0.06
-0.23
-0.02
0.00
0.13
-0.20
0.50
0.27
-0.24
0.22
0.38
-0.34
-0.30
0.35
-0.58
-0.49
0.28
0.18
0.07
0.14
0.11
0.30
0.40
0.48
-0.21
0.07
-0.97
0.03
0.55
-0.51
0.08
0.39
0.16
0.36
0.33
0.28
0.19
-0.41
-0.15
-0.07
-0.13
-0.13
0.08
0.32
0.23
0.08
0.01
0.13
0.07
0.53
-0.35
0.01
-0.13
-0.07
-0.14
-0.04
-0.04
0.01
-0.22
0.24
0.19
-0.32
0.11
-0.25
0.07
0.20
-0.17
0.10
0.27
-0.09
-0.04
0.15
-0.08
0.21
-0.62
-0.18
-0.03
-0.75
0.13
-0.10
-0.23
0.03
0.14
0.12
0.23
0.21
-0.01
-0.36
-0.17
0.10
-0.37
-0.14
-0.43
0.11
0.17
-0.14
0.01
0.64
-0.07
-0.19
-0.27
-0.33
-0.29
-0.57
0.03
-0.20
-0.27
0.07
-0.01
0.14
0.32
0.06
-0.25
-0.45
0.04
-0.46
-0.11
0.75
-0.54
-0.11
0.27
0.23
0.11
0.47
-0.29
-0.42
-0.39
-0.52
-0.36
-0.37
0.02
-0.51
0.42
0.34
-0.14
0.16
0.55
0.55
-0.17
-0.66
-0.81
0.28
-0.26
-0.26
-0.00
-0.17
0.17
0.25
0.04
0.34
0.52
-0.30
-0.08
-0.34
-0.15
-0.32
-0.59
0.36
0.44
0.16
0.26
0.02
0.12
0.31
-0.33
-0.35
-0.18
0.23
-0.53
-0.03
-0.01
-0.11
0.23
0.25
0.18
0.42
0.60
0.12
-0.34
-0.10
0.08
-0.19
0.15
-0.01
0.29
0.52
0.40
0.25
0.42
0.55
-0.34
-0.15
-0.59
-0.40
-0.04
-0.08
0.25
0.52
0.52
0.33
0.59
0.57
0.10
0.08
-0.29
0.13
0.14
-0.54
-0.31
0.42
0.42
-0.01
0.50
0.38
-0.13
0.47
0.30
-0.60
0.20
0.17
-0.66
0.07
0.69
0.02
-0.08
0.51
0.02
-0.10
0.51
0.18
-0.67
-0.37
-0.15
-0.10
0.19
-0.30
0.11
0.37
0.55
0.14
0.04
-0.35
0.01
-0.52
0.26
0.17
-0.39
0.45
-0.13
-0.04
0.02
-0.11
0.30
-0.08
0.02
-0.04
-0.82
0.04
-0.10
-0.09
0.11
-0.01
0.27
0.35
0.15
-0.26
0.03
-0.34
-0.37
-0.48
-0.04
-0.45
-0.08
-0.07
0.07
0.20
0.00
0.60
-0.05
-0.10
-0.17
-0.71
-0.19
-0.74
-0.43
-0.17
0.26
0.07
-0.85
0.50
0.37
0.53
0.32
-0.95
-0.41
-0.27
-0.84
-0.77
-0.30
-0.50
-0.53
0.43
0.28
0.73
0.20
0.04
-0.45
-0.15
-0.07
-0.53
0.18
-0.23
-0.32
0.38
0.32
-0.25
0.28
0.45
-0.05
-0.20
-0.11
-0.04
0.06
-0.02
-0.33
-0.03
0.32
-0.02
-0.38
0.65
0.12
-0.22
-0.23
-0.05
-0.44
-0.20
0.06
0.25
-0.07
0.01
0.28
0.11
0.42
0.07
-0.12
0.02
0.04
-0.15
0.07
0.14
0.14
-0.26
0.24
-0.15
0.49
0.00
0.11
0.49
-0.06
-0.35
0.16
0.15
0.05
-0.10
0.36
-0.22
0.04
0.33
-0.22
0.44
-0.04
-0.76
-0.03
0.03
0.13
-0.07
0.12
0.27
-0.07
0.04
-0.03
-0.00
0.37
-0.33
-0.17
-0.26
-0.49
0.26
0.19
0.14
0.04
0.24
0.22
0.03
0.12
0.46
0.08
-0.45
-0.21
-0.27
0.02
0.05
0.14
0.26
0.50
0.19
0.16
0.23
0.29
-0.30
-0.38
0.04
-0.11
-0.18
-0.05
-0.05
0.03
-0.02
0.18
0.04
-0.05
-0.19
-0.08
-0.21
-0.09
0.02
0.00
0.00
0.01
-0.07
-0.14
0.27
-0.05
-0.05
0.09
-0.07
-0.20
0.09
-0.36
0.03
0.27
-0.33
-0.03
0.33
0.14
-0.06
-0.33
-0.14
0.05
-0.34
-0.09
-0.39
0.02
0.22
-0.23
0.08
0.18
0.02
-0.20
-0.02
-0.49
-0.42
-0.19
0.11
0.20
-0.53
-0.19
0.36
-0.11
1.02
-0.04
-0.25
0.33
-0.63
-0.49
-0.04
-0.09
-0.60
-0.05
0.34
0.00
0.22
0.45
0.69
-0.09
-0.02
-0.50
-0.52
-0.13
-0.42
-0.37
-0.85
0.25
0.62
0.36
0.31
0.51
0.31
-0.23
-0.13
-0.48
-0.53
-0.68
-0.49
-0.41
0.46
0.57
0.22
0.28
0.50
0.25
-0.17
-0.42
-0.03
-0.01
-0.57
-0.15
-0.01
-0.01
0.26
0.24
0.09
0.48
0.20
-0.05
-0.12
-0.02
-0.06
-0.46
-0.28
0.34
-0.09
-0.14
0.59
0.03
0.75
0.39
0.05
-0.07
-0.14
-0.11
-0.24
-0.22
-0.37
0.06
0.13
0.19
0.36
0.89
0.24
-0.09
0.16
0.24
-0.51
-0.01
0.37
-0.31
-0.84
0.52
0.37
-0.14
0.01
0.58
0.04
-0.06
-0.33
-0.39
0.02
-0.07
-0.25
0.00
0.10
0.13
0.19
0.10
0.36
0.13
-0.29
0.07
-0.41
-0.21
-0.14
-0.19
-0.02
0.05
0.11
0.09
0.24
0.43
-0.18
0.05
0.13
-0.29
-0.19
-0.15
0.15
-0.06
0.08
0.25
-0.61
0.07
-0.08
-0.32
0.24
0.07
-0.04
0.12
0.05
-0.09
0.08
0.24
0.12
0.14
-0.42
0.16
-0.47
-0.27
-0.06
-0.21
0.01
-0.13
0.18
-0.08
0.17
0.17
0.07
-0.15
-0.39
-0.11
0.01
-0.09
-0.08
0.10
-0.17
0.17
-0.16
-0.04
-0.15
0.12
-0.31
-0.45
0.58
-0.37
-0.46
0.44
-0.06
-0.01
0.27
-0.19
0.29
-0.07
-0.33
-0.26
-0.12
-0.33
-0.67
0.64
0.33
-1.03
0.46
0.89
-0.52
0.83
0.25
-0.20
-0.34
-0.07
0.04
-0.54
-0.30
-0.31
0.31
-0.13
0.12
-0.07
0.74
0.33
0.00
-0.13
-0.21
0.16
-0.07
-0.44
-0.35
0.57
-0.01
0.21
-0.21
0.66
0.08
-0.11
-0.23
-0.15
0.05
-0.49
-0.06
-0.11
0.29
0.68
0.27
0.30
0.92
0.34
-0.50
-0.45
-0.45
-0.51
-0.45
-0.58
0.15
-0.06
0.26
0.60
0.18
0.41
0.50
-0.07
-0.01
-0.38
-0.29
-0.51
0.18
0.04
0.25
0.55
0.51
0.25
0.41
0.57
0.22
-0.10
-0.46
-0.21
-0.23
0.06
-0.07
0.28
0.32
0.46
0.41
0.29
0.70
0.24
-0.29
-0.30
-0.23
-0.16
0.21
-0.90
-0.30
0.11
-0.25
-0.04
0.02
0.63
0.29
0.17
-0.01
-0.13
-0.13
-0.23
-0.05
0.32
0.10
0.11
0.26
-0.14
0.47
0.10
-0.11
0.28
-0.20
-0.05
-0.13
-0.08
0.10
-0.08
0.06
0.12
0.05
0.50
0.18
-0.11
-0.29
0.09
-0.21
-0.01
0.03
0.11
0.03
0.10
0.06
-0.07
-0.03
0.03
-0.21
-0.12
0.01
-0.32
-0.06
0.12
-0.02
0.07
0.16
0.18
-0.24
-0.26
-0.08
-0.66
-0.16
0.07
-0.65
0.01
-0.03
-0.04
0.31
0.12
-0.07
-0.46
-0.01
0.23
-0.61
-0.07
0.01
-0.36
0.21
0.00
-0.19
0.40
0.64
-0.07
-0.23
-0.25
-0.54
-0.65
-0.34
-0.35
-0.42
-0.11
0.09
0.60
0.30
0.19
-0.17
-0.41
-0.34
-0.02
-0.25
-0.34
-0.51
0.21
0.11
-0.73
0.38
0.38
0.23
-0.00
-0.27
0.08
-0.26
-0.17
-0.32
-0.05
-0.03
-0.16
0.52
-0.49
-0.15
0.54
-0.03
-0.33
-0.28
-0.11
0.30
0.07
-0.10
-0.13
0.21
0.23
-0.08
0.18
0.50
0.24
-0.00
-0.09
-0.15
0.07
-0.47
-0.18
0.03
0.06
0.27
0.19
0.12
0.65
0.22
-0.25
-0.06
0.02
-0.12
-0.52
-0.17
0.10
0.07
0.35
-0.02
0.01
0.49
0.24
0.26
-0.84
-0.50
0.18
-0.17
0.14
0.01
0.07
0.37
0.05
0.28
0.72
0.11
0.10
-0.06
-0.19
-0.38
-0.42
-0.14
0.04
-0.23
0.05
0.46
0.15
0.25
0.88
0.35
-0.06
-0.35
-0.93
0.05
0.34
-0.61
-0.12
0.59
0.48
0.48
0.39
0.65
0.30
-0.59
-0.34
-0.35
-0.05
-0.10
-0.04
-0.60
-0.09
0.87
-0.09
-0.26
0.93
-0.25
0.14
-0.02
-0.13
-0.02
-0.30
-0.06
-0.04
-0.28
-0.05
-0.07
-0.13
0.26
0.18
0.05
0.08
0.17
0.15
-0.03
-0.02
-0.26
0.09
0.12
-0.22
