-0.00
0.00
0.00
0.00
0.00
0.01
0.01
0.01
0.00
0.00
0.00
0.00
0.00
-0.00
0.00
-0.00
-0.00
-0.00
0.00
0.01
0.00
-0.00
0.00
-0.00
0.00
0.00
-0.00
0.00
0.00
0.00
0.00
0.00
0.00
0.00
0.00
0.01
0.00
-0.00
0.00
0.00
0.00
0.00
0.00
0.00
-0.00
-0.00
-0.00
-0.00
-0.00
0.00
0.00
0.00
-0.00
-0.00
-0.00
-0.00
-0.00
0.00
-0.00
0.00
0.01
0.01
0.00
0.00
-0.00
-0.00
0.00
0.01
0.00
-0.00
0.00
0.00
0.00
0.00
0.00
0.00
0.00
-0.00
0.00
-0.01
-0.00
-0.00
0.00
0.00
0.00
0.00
0.00
0.00
0.00
0.00
0.00
-0.00
-0.00
0.00
0.00
-0.00
-0.00
-0.00
-0.00
-0.00
0.00
0.01
0.01
0.00
0.00
0.00
0.01
0.00
-0.00
0.00
0.00
0.00
-0.00
0.00
0.00
0.00
0.00
0.00
0.00
0.01
0.00
0.00
-0.00
0.00
-0.00
-0.01
-0.01
0.00
-0.00
-0.01
-0.00
0.00
-0.00
-0.00
0.00
0.00
-0.00
-0.00
0.00
0.00
0.01
0.01
0.00
0.01
0.01
0.01
0.00
0.00
0.00
0.00
0.00
0.00
0.00
0.00
0.00
0.01
0.00
-0.00
-0.00
-0.00
0.00
-0.00
-0.00
-0.00
-0.00
-0.00
0.00
-0.00
0.01
0.00
0.01
0.00
0.00
-0.00
0.00
0.00
-0.00
-0.00
0.00
-0.00
0.01
0.00
-0.00
0.00
0.01
-0.00
0.00
0.00
-0.01
0.00
-0.00
-0.00
-0.01
-0.02
-0.00
0.01
-0.01
-0.01
-0.01
0.01
-0.03
0.01
0.00
-0.03
0.00
-0.02
0.00
-0.01
-0.01
-0.00
-0.00
0.01
0.00
-0.00
0.00
-0.00
-0.01
-0.01
-0.01
-0.01
-0.01
-0.01
-0.02
-0.03
-0.01
-0.03
-0.01
-0.02
0.08
0.03
-0.15
-0.19
0.40
0.29
-0.48
0.56
-1.77
1.36
-1.32
0.33
-0.20
1.60
-0.29
-0.26
1.29
1.91
-0.30
-0.97
1.13
0.10
-0.95
-0.90
1.80
-0.59
0.71
0.08
0.03
-0.96
0.54
0.36
-1.64
0.32
0.01
-0.09
-0.24
0.11
0.24
0.06
-1.03
-1.03
0.26
0.68
-0.06
0.80
-0.45
0.02
-0.37
-0.81
1.06
0.52
-1.26
0.73
-1.20
0.82
1.33
-0.44
-1.67
0.35
0.09
-2.07
0.29
1.21
-0.40
-0.20
-0.14
0.15
0.05
-0.24
0.74
0.10
0.65
0.02
-0.42
0.50
0.37
0.39
-1.08
-0.11
0.10
0.84
-0.02
-0.07
0.03
0.05
-0.01
0.22
0.03
0.20
-0.04
-0.99
0.62
-0.15
0.33
-1.20
-0.75
1.35
-0.68
0.12
0.59
0.07
-0.89
0.39
-0.14
-0.57
0.51
0.47
-0.60
-0.05
-0.05
-0.47
0.21
0.34
-1.80
2.12
-0.48
-1.09
1.02
0.80
0.60
0.15
0.35
0.45
-0.07
1.12
0.00
-0.54
0.86
-2.64
2.33
-0.25
-0.81
-1.43
1.21
-0.04
0.29
-0.28
-1.10
0.45
-0.98
1.40
0.12
0.35
-0.22
-0.33
0.16
-0.50
-0.51
0.70
-1.21
-0.25
-0.44
1.17
-0.71
0.38
-0.46
-0.00
-1.11
-0.02
1.23
-1.09
0.23
1.24
-0.92
-2.21
-0.45
-0.38
0.49
0.08
-0.23
0.64
1.38
-2.15
-0.24
1.13
-0.24
0.59
-1.97
-1.43
-1.04
1.79
0.36
0.15
1.16
-1.89
-0.42
0.51
2.10
-1.05
-0.96
-1.12
2.26
-1.22
1.77
-0.32
-0.69
-0.69
0.98
-1.63
-0.14
1.98
-1.03
-0.65
0.93
-0.87
0.75
1.80
-0.86
0.37
-0.28
-0.77
-0.01
-0.09
0.43
-1.21
0.09
0.71
-0.12
2.68
-1.13
0.23
0.33
0.70
0.12
-2.14
-1.40
0.40
-0.57
3.63
-1.38
-0.58
0.11
-1.55
2.82
-0.65
-1.40
0.93
-2.85
0.06
0.01
0.98
-1.09
1.43
0.84
-0.75
1.96
-1.67
-2.86
0.61
-0.48
0.53
1.31
0.48
-1.18
-0.59
0.43
-0.42
-1.99
0.20
0.03
-0.87
-0.80
0.67
0.67
3.35
-4.01
-0.52
1.39
0.81
-2.66
1.95
-1.02
1.26
0.96
0.16
-0.69
-0.33
-0.65
-1.26
0.58
-2.56
-1.43
-1.43
1.60
-0.91
-0.02
2.15
-0.87
-0.89
1.49
1.46
-0.77
0.24
1.10
0.01
0.07
0.01
1.48
-2.86
0.35
-2.22
0.46
1.57
-1.43
0.55
-0.07
1.51
-1.51
-2.42
0.99
-0.85
0.22
-1.17
-1.59
0.29
2.00
-1.64
-0.71
-0.55
0.41
-0.32
0.56
-1.16
3.70
0.83
-7.70
0.71
-1.42
3.36
0.04
-2.79
2.03
3.92
-2.01
1.05
0.14
-1.27
3.28
-3.04
1.72
-0.85
0.51
0.87
-1.14
0.21
-0.70
-1.50
2.80
1.68
1.22
-1.27
-1.77
0.91
0.61
-2.18
1.51
-0.69
-5.06
4.15
0.06
2.73
0.48
-2.25
-1.63
0.95
-1.47
0.20
2.55
-0.80
-0.80
0.90
-1.48
-0.58
0.81
-0.15
-1.47
1.12
-0.86
2.48
2.26
-3.08
1.39
0.60
1.40
-1.25
-0.03
2.57
-1.60
-0.76
2.38
-0.32
-1.38
0.06
-1.22
-1.31
-0.93
0.08
0.44
-0.57
-1.80
-0.50
-0.09
0.43
-0.06
0.46
0.62
0.80
-1.82
0.73
-2.10
1.22
2.41
-1.42
1.66
0.40
0.85
-0.37
0.07
-1.87
1.36
1.33
-1.05
0.83
-0.04
1.05
-0.76
-1.07
-1.21
0.39
0.52
0.38
1.79
-2.56
-2.06
-0.40
1.48
-1.84
0.19
-1.18
2.06
1.63
-1.22
0.09
-2.86
1.70
-0.28
2.96
-1.37
-3.30
-0.21
-0.86
-1.89
-1.06
-1.06
0.95
-3.20
-3.20
1.73
1.96
-1.09
-2.07
-0.62
-1.21
1.82
-0.42
0.00
1.40
-1.13
0.32
2.69
-1.81
-1.34
0.34
3.71
-0.41
-0.64
-0.79
-0.73
0.67
0.85
-2.52
2.10
-0.10
1.05
0.25
-0.39
-2.67
0.86
1.63
-2.03
1.79
-0.97
-3.42
-1.03
3.21
-0.78
-3.72
3.86
0.68
-0.37
0.63
0.53
-0.75
0.66
-0.21
1.91
1.70
-1.81
0.44
-1.37
-2.53
-0.86
1.35
-0.49
-1.97
1.43
-4.31
0.71
-1.92
1.94
2.45
-1.74
0.55
1.34
-0.58
2.19
-2.21
1.81
-0.99
1.58
1.43
-0.44
-0.85
-0.94
-2.39
1.27
-0.88
-0.24
-0.28
-0.21
-1.55
-0.38
-0.65
-0.87
0.62
-1.13
-0.94
4.50
-0.24
0.96
-0.55
-1.36
-0.47
0.01
1.82
1.82
-0.60
-0.12
-2.11
-2.10
0.16
-0.75
1.18
-0.44
-1.55
-1.76
-1.38
2.28
-1.52
2.95
-0.48
0.16
0.72
2.74
-2.34
2.03
0.03
1.21
0.84
-0.04
0.63
-1.21
-1.58
0.86
-2.20
0.61
0.87
1.96
-4.08
-2.31
0.53
-2.87
-0.38
-1.36
1.26
1.66
1.19
-1.01
-0.73
-4.56
1.57
1.18
-1.31
4.59
0.74
-0.74
2.35
3.48
-1.08
-2.36
1.50
0.28
-3.69
0.07
-0.00
-0.00
-0.00
-0.00
-0.00
-0.00
-0.00
-0.00
-0.00
-0.00
-0.00
-0.00
0.00
0.00
0.00
0.00
0.00
0.00
0.00
0.00
0.00
0.00
0.00
0.00
0.00
0.00
0.00
0.00
0.00
0.00
0.00
0.00
0.00
0.00
0.00
0.00
0.00
0.00
0.00
0.00
0.00
0.00
0.00
0.00
0.00
0.00
0.00
0.00
0.00
0.00
0.00
0.00
0.00
0.00
0.00
0.00
0.00
0.00
0.00
0.00
0.00
0.00
0.00
0.00
0.00
0.00
0.00
0.00
0.00
