-0.02
-0.02
-0.02
-0.02
-0.01
-0.02
-0.02
-0.02
-0.02
-0.02
-0.02
-0.01
-0.02
-0.02
-0.02
-0.02
-0.02
-0.02
-0.02
-0.02
-0.01
-0.01
-0.01
-0.01
-0.02
-0.02
-0.02
-0.02
-0.01
-0.01
-0.02
-0.02
-0.02
-0.02
-0.02
-0.02
-0.01
-0.02
-0.02
-0.02
-0.02
-0.01
-0.01
-0.02
-0.02
-0.02
-0.02
-0.02
-0.01
-0.01
-0.02
-0.02
-0.01
-0.02
-0.03
-0.02
-0.02
-0.02
-0.02
-0.01
-0.02
-0.02
-0.02
-0.02
-0.02
-0.02
-0.02
-0.02
-0.02
-0.02
-0.02
-0.02
-0.02
-0.02
-0.02
-0.02
-0.02
-0.02
-0.02
-0.02
-0.01
-0.02
-0.01
-0.02
-0.02
-0.02
-0.01
-0.01
-0.02
-0.02
-0.02
-0.02
-0.02
-0.02
-0.01
-0.02
-0.02
-0.02
-0.02
-0.02
-0.02
-0.02
-0.02
-0.03
-0.02
-0.02
-0.02
-0.02
-0.02
-0.02
-0.02
-0.03
-0.02
-0.01
-0.02
-0.02
-0.02
-0.02
-0.02
-0.02
-0.01
-0.02
-0.02
-0.02
-0.01
-0.01
-0.02
-0.02
-0.02
-0.02
-0.02
-0.01
-0.02
-0.02
-0.01
-0.02
-0.02
-0.02
-0.02
-0.02
-0.01
-0.01
-0.01
-0.02
-0.01
-0.01
-0.02
-0.02
-0.01
-0.02
-0.01
-0.02
-0.02
-0.02
-0.02
-0.02
-0.02
-0.02
-0.02
-0.02
-0.01
-0.01
-0.02
-0.02
-0.02
-0.01
-0.02
-0.02
-0.02
-0.02
-0.02
-0.02
-0.02
-0.02
-0.02
-0.02
-0.02
-0.01
-0.02
-0.02
-0.02
-0.02
-0.02
-0.02
-0.02
-0.02
-0.01
-0.01
-0.02
-0.02
-0.02
-0.01
-0.02
-0.01
-0.02
-0.01
-0.02
-0.02
-0.02
-0.02
-0.02
-0.02
-0.02
-0.02
-0.02
-0.02
-0.02
-0.02
-0.02
-0.02
-0.02
-0.02
-0.01
-0.01
-0.02
-0.02
-0.02
-0.02
-0.08
0.09
-0.06
-0.09
0.03
-0.01
0.00
0.02
-0.02
-0.02
-0.00
-0.03
-0.01
-0.01
-0.00
-0.01
-0.01
-0.02
-0.02
-0.02
-0.01
-0.02
-0.01
-0.01
-0.02
-0.02
-0.02
-0.03
-0.02
-0.01
-0.03
-0.02
-0.03
-0.02
-0.02
-0.01
-0.02
-0.02
-0.01
-0.01
-0.02
-0.02
-0.01
-0.01
-0.03
-0.01
-0.01
-0.00
-0.06
0.04
-0.09
-0.02
0.10
-0.10
-0.25
0.11
0.42
-0.36
-0.46
-0.30
0.51
-0.66
0.28
0.54
-0.45
-0.15
-0.66
0.29
0.03
-0.35
0.16
-0.41
0.29
-0.09
-0.19
0.89
-0.52
-0.18
-0.04
0.33
-0.73
0.52
0.33
-0.23
-0.24
0.20
-0.21
0.49
0.19
-0.15
-0.50
-0.50
0.93
-0.75
-0.99
0.11
0.18
-0.74
0.98
-0.52
-0.52
-0.13
0.89
-0.40
-0.38
-0.63
0.87
0.26
-0.29
-0.86
1.97
-1.80
-0.57
1.29
-0.09
0.55
-0.85
-0.23
0.30
0.54
-0.62
0.01
-0.39
0.60
-0.67
0.10
0.02
0.33
0.13
-0.14
-0.23
-0.19
0.42
0.32
-0.07
-0.21
0.17
-0.41
-0.24
0.24
0.45
-0.36
-0.43
2.00
1.11
-2.64
0.42
0.37
-2.87
0.22
-1.09
-0.19
1.89
-1.88
-0.29
0.61
-0.55
-0.81
0.92
0.66
-1.37
0.21
0.13
-0.42
0.64
-0.59
0.08
-0.33
-1.14
0.86
1.08
1.08
-0.65
-1.04
0.93
-0.05
-1.37
1.93
0.55
-0.70
1.50
-1.39
0.57
0.00
0.36
0.18
-0.30
0.03
0.28
-0.47
-0.11
-0.11
-0.41
0.92
-1.38
0.13
1.48
0.04
-1.88
1.79
-0.63
-2.16
2.60
-1.05
-0.05
0.55
-0.25
-1.03
0.29
-0.52
0.46
0.01
0.58
-0.20
0.45
-0.23
0.02
0.28
-0.32
-0.72
1.29
-1.97
1.21
1.13
-1.71
-0.68
-0.15
-0.05
-0.03
-0.41
0.45
0.27
-0.32
-0.43
0.23
-0.14
0.38
0.38
-0.80
1.08
-0.08
-0.29
-0.10
1.17
-1.29
-1.96
3.79
-0.90
-0.75
0.46
-0.06
0.05
0.09
-0.47
0.90
-1.34
0.13
-0.19
1.34
-0.62
-0.85
0.79
0.82
-1.16
1.77
-0.77
1.04
-0.43
-0.82
0.83
0.02
-0.98
-0.15
0.21
0.45
-1.08
0.50
-1.19
1.19
-0.84
0.20
1.27
-2.08
1.37
0.88
-0.94
-1.35
0.45
1.20
-0.91
-0.00
0.59
0.01
0.23
-0.78
-0.85
1.56
-0.99
1.63
-0.89
0.20
0.22
-0.85
0.62
0.62
-0.24
-0.59
-0.15
0.03
-0.30
-0.99
-1.05
1.28
-0.30
-1.70
0.69
0.27
-0.10
1.00
-0.74
0.18
-0.70
-0.69
0.00
0.15
-1.41
1.38
0.48
-0.65
0.27
-0.50
0.15
-1.08
2.11
-0.16
0.80
-1.90
0.55
-0.71
0.29
1.16
-0.70
-0.23
-0.69
2.87
-2.59
0.49
0.88
-0.73
-0.36
-0.27
-1.04
0.57
0.59
-0.34
-0.01
-0.59
-0.32
-1.56
0.48
-1.78
2.83
-0.43
-1.26
2.33
-0.86
-1.05
0.31
-0.85
-0.04
0.88
0.81
0.81
-2.51
0.74
0.20
-0.38
0.89
-0.27
-0.30
0.43
-0.12
0.18
-0.58
0.53
-0.95
0.85
1.47
-1.73
0.56
0.52
-0.05
0.03
0.45
-0.25
0.77
0.47
-1.19
0.06
2.32
-2.42
0.93
-0.07
-0.74
1.27
0.10
0.20
0.50
-1.22
0.66
-1.41
1.55
0.38
-0.42
1.03
-0.68
-0.37
2.47
-0.09
0.26
0.10
-1.41
0.61
0.57
0.17
-1.03
-0.46
0.96
-1.13
0.60
-0.62
0.79
-1.91
0.29
-0.28
0.48
-1.73
1.66
1.66
0.90
-1.44
1.57
0.32
-0.45
0.06
0.53
-0.87
-1.87
1.52
-0.23
-0.31
-1.73
4.07
-0.78
4.71
-2.31
-0.99
2.04
-1.03
-1.12
-0.89
0.68
-1.88
1.63
-0.33
1.44
-0.68
0.98
-0.80
-0.50
0.99
-0.92
0.01
-0.69
-0.16
-0.29
-0.01
0.76
-0.47
0.16
-0.31
0.59
-0.26
-0.01
-0.45
0.02
-0.11
-0.23
-0.27
0.23
-0.13
0.92
0.13
-0.60
0.12
0.28
-1.15
-0.29
0.05
-0.41
-0.34
1.47
1.59
-1.79
1.00
-0.18
0.02
-0.23
-0.77
-0.77
-0.23
0.36
0.05
-2.43
0.92
0.32
-0.22
-1.19
1.63
-0.99
-0.47
0.73
-1.12
-0.30
0.52
0.75
-2.15
1.45
-0.75
1.13
0.06
-0.67
-1.02
0.03
0.22
-1.66
0.67
-0.19
0.57
-0.25
0.62
-0.43
0.32
-0.25
-0.88
-0.93
0.90
-2.65
2.96
0.53
0.95
-1.61
0.70
0.63
-2.01
-0.47
-0.09
-0.21
1.50
0.17
-0.71
0.66
0.78
-0.23
0.66
-0.65
-0.42
-0.89
-0.08
-0.62
0.25
0.93
0.45
0.10
0.21
0.84
0.07
-1.20
-0.82
0.15
-0.36
-0.36
1.14
-1.55
1.40
0.81
-0.92
0.74
-0.61
-1.24
0.54
-0.99
0.25
-0.06
-0.51
2.77
-0.73
-1.65
0.48
-0.63
-1.61
0.50
0.84
-0.36
-0.86
0.23
0.61
0.37
-1.95
0.35
-0.70
-1.92
-0.57
-0.71
-0.29
-0.76
3.38
-2.52
-3.72
4.47
-0.89
-1.05
-0.32
0.27
-1.24
-1.29
2.52
-1.14
1.33
-1.68
-0.05
-0.40
0.35
-0.94
0.06
0.75
-1.84
1.10
0.77
-1.23
-1.89
2.75
-1.76
-1.41
1.39
-1.01
1.63
1.44
1.16
0.11
-1.23
0.33
0.42
-0.93
-0.14
0.66
0.66
-0.81
-0.14
3.24
0.63
-3.82
0.26
-0.46
0.26
0.49
-1.37
0.21
-0.88
-2.37
2.12
0.97
-1.29
1.68
-0.50
-0.07
1.24
-0.69
-0.42
-2.23
0.17
2.77
-0.06
-0.30
1.36
-1.63
0.27
-0.49
-0.76
0.59
-0.28
-1.00
0.53
1.23
0.27
0.09
0.68
-1.15
-0.41
-0.62
-0.48
-0.08
1.07
0.54
0.34
-1.45
-0.90
-0.75
-0.52
-0.42
0.17
-0.75
2.27
1.18
-2.75
0.85
-0.12
1.54
-0.18
0.51
-1.84
1.75
1.38
-0.71
-1.15
-1.24
2.22
-1.24
1.20
1.20
-0.40
-1.70
-1.70
2.50
-0.72
1.22
-0.82
0.62
-1.65
2.32
-1.07
-0.77
3.72
-2.19
1.78
0.71
-3.15
2.29
0.73
-1.73
1.73
-0.17
-0.93
-0.64
0.31
-1.07
-0.29
2.54
-0.80
-1.48
-0.21
0.65
-0.34
-1.07
0.18
1.17
0.47
-1.02
1.61
0.24
-2.18
0.40
-0.52
-2.01
0.88
0.75
-0.75
1.16
-2.59
0.51
-0.25
-0.18
0.70
-0.97
-1.53
2.87
0.70
-1.26
-1.31
4.40
0.10
-0.75
-3.45
4.40
-0.47
-2.18
0.99
0.63
0.15
0.72
-0.63
-0.56
-0.47
-0.79
3.17
-2.75
0.45
-0.31
-0.31
0.97
-0.04
-0.08
-1.27
0.11
3.33
-0.52
-1.08
1.02
-0.10
0.37
-0.44
-0.11
0.16
-1.68
-0.17
0.34
-0.71
1.29
-0.83
0.11
-0.22
-0.38
-0.28
-0.77
1.35
-0.59
-0.52
1.35
-0.51
-0.10
0.40
-1.37
-0.68
0.39
0.13
-1.03
-0.76
3.96
-1.07
-0.70
-0.75
0.82
-0.45
-0.29
-1.65
0.32
4.03
-2.08
-0.94
-0.46
-0.99
1.79
-1.16
0.65
1.35
-0.62
0.37
-0.94
0.81
-0.79
-0.19
0.68
-0.05
-0.44
2.00
0.33
-2.86
2.74
-0.77
-0.62
1.34
-0.75
-0.75
-0.38
-1.11
-1.83
-2.39
1.00
-0.51
-0.89
0.81
-0.57
-1.46
-0.34
0.09
0.59
-1.15
2.64
-0.58
0.28
-0.12
-0.98
0.05
0.22
-0.36
0.31
-0.06
2.85
-2.96
1.69
-1.58
0.85
-0.25
0.11
0.63
-0.25
-0.38
1.04
-1.74
1.63
0.34
-0.88
-1.00
-0.16
2.30
-1.43
0.15
0.33
0.60
0.27
-1.21
-0.69
1.23
-0.65
0.96
-1.41
-0.76
1.04
-0.88
0.40
0.76
-1.49
-0.09
-1.26
0.06
1.56
-1.53
1.30
-0.42
-1.61
-0.93
0.31
2.10
-1.17
-2.13
-2.13
3.93
-1.04
-0.61
-0.61
-0.81
0.49
-1.32
-0.77
2.59
0.13
-1.34
-0.14
0.26
1.09
0.79
-2.56
-0.94
2.12
-2.06
1.37
-1.40
-0.62
2.15
-2.47
1.42
0.72
1.47
2.09
-1.16
-1.72
1.80
-1.05
-0.19
1.01
-2.08
-0.20
1.84
-2.50
-0.80
1.90
-0.70
0.06
-1.06
0.21
0.34
-0.86
-2.29
5.67
-1.57
-1.52
0.54
0.35
-0.21
0.65
-2.30
-0.25
1.84
1.40
-0.47
-0.62
0.65
-1.03
-0.69
-2.05
1.84
2.20
-2.17
0.86
0.49
-0.61
-0.01
-0.36
-0.06
-0.34
1.45
1.45
-0.09
-0.30
-0.10
0.14
0.04
-1.09
-0.59
0.65
-1.17
0.42
0.87
0.10
-0.27
-0.87
-0.11
-0.32
0.22
-0.20
-0.93
0.19
2.24
-1.68
-0.52
-0.98
0.64
0.45
-2.51
0.74
4.20
-4.44
0.96
0.61
-0.92
-0.04
2.25
-0.96
-0.99
0.91
-0.07
1.77
-0.61
-0.61
0.73
-0.17
-0.59
0.47
-0.80
-0.20
1.52
0.11
-0.30
0.01
-0.53
0.14
-1.00
-0.50
0.61
-0.70
-1.01
0.96
-1.13
-0.32
-0.06
1.15
-0.70
0.02
-0.89
0.21
0.21
3.21
1.14
-1.09
-0.69
-0.31
-0.13
0.23
0.08
1.57
-1.59
-0.66
1.78
1.36
1.32
-1.63
-1.46
2.89
-0.15
-2.09
1.62
-1.05
0.69
0.16
-1.09
-0.17
1.98
-0.74
-1.32
0.13
1.52
-0.12
-0.91
-0.72
0.96
-1.11
-0.58
-0.00
-0.30
-0.30
1.05
-0.35
0.03
-1.50
-0.56
1.81
-1.39
1.93
-0.01
-1.07
-2.25
-0.01
1.25
0.41
-1.82
1.31
-0.90
-1.84
2.48
-0.60
0.05
1.06
-1.36
2.30
-0.79
1.41
0.14
-1.14
0.97
-0.31
-0.31
-0.39
-1.51
0.79
0.93
-0.83
-1.25
2.14
-2.48
0.53
0.00
-3.14
2.06
0.60
-4.65
2.33
-0.50
-0.48
-0.59
-0.08
0.47
-1.85
0.15
1.77
-0.25
0.54
-0.32
-0.59
-0.97
-0.46
-2.23
2.01
2.17
-1.12
-1.05
1.70
-0.85
-1.42
0.61
-1.18
2.06
0.71
-2.49
0.03
1.43
-2.17
-0.44
0.73
0.27
-1.24
-0.65
1.52
0.28
0.91
-1.07
-0.26
-0.39
0.11
-0.31
-1.99
1.66
1.77
-1.75
0.84
-1.76
1.19
0.01
-0.24
-3.05
1.26
-0.69
-0.87
-0.32
0.18
-0.97
-0.97
-1.71
-0.50
1.00
0.17
-0.24
1.09
-0.77
1.20
-1.59
0.26
-0.78
0.35
0.76
-0.94
-1.34
1.05
1.44
-2.37
2.21
-1.25
-1.69
0.45
-1.34
2.56
0.12
0.18
-1.12
-0.04
-1.29
3.51
-2.13
0.84
0.78
-1.21
0.71
0.56
-0.69
0.44
-1.66
-0.42
2.79
1.13
-2.64
1.76
-0.44
-0.14
-0.31
-0.51
-0.33
1.38
0.22
-1.35
0.85
1.71
-2.04
2.10
-1.43
-1.51
0.82
-0.40
-1.89
-0.77
-1.29
0.05
-1.41
-0.87
1.07
-0.66
-0.42
0.94
-1.57
2.20
1.00
-1.11
-0.31
-0.31
-1.54
-0.91
3.36
0.41
-2.51
1.12
0.78
-0.50
0.06
-0.86
0.92
1.19
-1.73
0.68
-0.12
1.50
-1.09
-0.79
0.30
0.71
-0.61
0.64
1.01
0.13
-0.94
-0.10
-1.06
-0.77
1.53
-0.83
-1.41
2.00
0.13
0.39
-1.08
-0.82
1.45
-1.00
-1.09
0.95
1.98
-1.47
0.28
-0.36
0.19
-0.86
-1.29
2.31
0.82
-2.24
2.03
-1.39
1.50
-0.87
-0.93
-0.24
-1.33
2.48
-0.43
-0.57
1.05
-0.73
0.43
-0.59
-1.08
0.09
-1.73
0.93
3.55
3.55
-2.01
-0.39
0.02
-1.42
-1.08
0.97
1.48
1.20
2.65
-1.23
-1.17
0.50
-1.81
1.01
0.14
-0.67
2.24
-0.98
-1.34
7.00
-2.00
-1.39
0.12
0.07
-1.20
0.40
-1.43
2.88
0.06
-2.29
1.35
-2.05
0.92
-0.15
0.26
1.74
0.37
-2.69
1.46
0.04
-0.93
-0.12
-0.43
1.32
1.04
0.48
-0.23
-1.21
0.80
-1.29
1.14
-0.41
0.31
1.03
-0.69
0.56
-0.03
0.55
-3.07
3.23
1.59
-2.86
1.68
0.29
-0.10
-0.13
-1.01
0.71
-1.71
1.19
-1.29
-0.27
-0.27
0.57
-1.05
1.71
-0.42
-0.05
-1.78
-0.45
-0.44
2.37
-0.77
1.28
-4.27
0.76
1.57
-2.25
0.58
3.91
-2.56
-1.03
1.80
-0.16
-0.64
-0.48
-2.38
0.80
0.19
-0.87
1.39
0.53
0.37
-0.89
0.55
-3.15
0.51
-1.04
0.47
-0.93
2.38
-1.56
0.33
-0.29
-0.39
-0.96
-0.39
-0.70
-0.15
0.84
0.21
-1.38
-0.84
0.11
-1.40
2.17
1.29
-1.14
-0.88
1.34
-0.83
0.02
-0.46
-0.12
0.66
0.01
0.64
-1.63
1.31
-0.31
0.56
1.14
0.43
-0.28
-2.02
0.89
0.89
-0.17
-0.05
-0.40
-0.86
-0.53
0.89
-0.19
0.19
0.19
-0.67
0.60
-0.51
0.29
-0.58
-1.64
0.45
0.41
1.08
-1.49
-0.79
-1.82
2.38
0.35
-0.33
-0.96
0.84
0.38
-0.53
2.03
-2.38
0.63
-0.34
1.46
-0.92
1.41
0.92
-1.22
-0.15
-1.00
0.64
-0.82
-0.68
0.85
0.76
-0.81
0.67
-0.42
-0.75
-0.36
0.01
-0.06
-0.90
0.99
1.13
-0.50
0.24
-1.81
1.11
-2.09
-0.57
3.25
-0.53
-1.07
-0.45
2.25
-1.05
-1.05
-1.10
0.21
0.21
0.05
1.28
-0.74
0.72
-0.50
-0.41
0.81
0.87
-1.06
0.84
-2.38
1.87
-1.53
-0.07
0.32
-1.33
0.58
-1.99
0.86
0.38
-0.04
-0.78
-1.11
0.34
-0.40
-0.44
-1.61
2.79
0.11
-1.76
1.09
-0.22
-0.29
-0.16
-2.29
2.76
1.79
-3.80
0.74
-1.92
1.43
-1.55
-0.37
-0.49
0.17
-2.16
-0.99
1.59
-0.80
0.85
-0.26
-1.67
-0.91
0.58
-0.60
-0.10
1.20
-0.69
1.07
-0.75
-1.80
0.00
0.12
1.01
0.98
-2.15
2.14
0.17
0.17
-1.40
1.52
-0.62
-1.22
2.33
-0.35
-0.57
0.93
0.68
-0.33
-1.28
0.35
1.75
0.60
-0.45
-1.00
1.19
-0.23
0.08
-2.57
1.29
0.24
-1.95
3.53
1.27
-1.95
0.63
-1.40
-0.08
-0.06
0.84
-0.08
-0.56
2.46
-0.35
-0.68
1.67
-1.36
1.12
0.57
0.37
0.09
-0.37
1.18
-0.81
-0.63
0.41
0.32
1.63
0.80
-2.50
1.26
0.18
-0.65
0.27
-2.60
1.81
0.67
-4.26
2.70
0.44
0.98
-0.75
-1.61
0.04
-0.81
-1.67
4.56
-2.14
-2.14
-3.13
3.20
1.34
-0.29
-0.40
1.17
0.37
-1.20
2.05
-1.20
-0.58
0.99
-0.95
-0.68
-0.26
0.07
2.00
-0.86
-0.48
0.08
0.25
-0.49
-0.65
-1.19
-0.65
1.78
2.84
-1.11
-0.44
-1.29
-0.58
0.84
0.11
-1.36
1.89
0.71
-2.11
2.06
0.37
0.73
-1.07
-0.21
0.73
1.89
0.21
-1.16
0.74
1.45
-3.58
2.49
2.76
1.44
-2.39
-0.02
0.35
0.07
-0.22
-0.32
-0.56
0.08
-0.92
0.65
0.69
-0.47
-0.22
-0.50
-0.60
-0.03
-1.55
3.69
-0.06
-0.06
-3.21
1.84
-1.58
0.66
1.91
-3.65
2.15
0.62
-3.07
1.99
-1.40
-0.04
0.22
-0.70
1.13
1.06
-0.30
0.16
-1.24
1.23
0.47
-0.36
-2.79
1.21
-1.31
1.41
-0.33
-0.21
0.46
0.63
-1.53
-1.56
-0.24
-1.52
0.31
1.33
-2.93
1.92
-3.08
0.41
0.97
-0.68
4.87
-3.49
-1.15
4.12
-1.96
0.70
-1.02
-0.56
2.16
-0.66
-0.80
2.69
-2.14
0.65
-0.10
0.55
-1.30
-0.98
0.37
-0.75
3.11
-1.48
0.59
-0.36
-2.22
0.76
0.31
-1.12
-1.12
3.40
-0.01
-2.89
-1.28
-0.83
1.07
-1.77
0.41
1.80
-1.28
2.05
-0.38
-0.53
0.11
0.40
-0.53
3.55
-0.44
-1.47
0.54
-0.79
1.01
-1.61
-0.15
0.44
-0.21
-1.54
-0.09
0.15
-0.02
-0.11
-1.38
-0.76
1.26
-1.50
-0.49
3.25
-2.30
1.58
-2.63
0.32
0.36
0.94
-1.14
1.02
1.44
-1.04
0.42
-1.01
0.78
-2.16
1.47
1.01
-0.78
0.83
-0.89
1.81
-1.50
-0.07
-2.31
3.01
-2.70
0.93
-0.33
-0.62
0.62
0.91
-2.38
-0.83
3.92
-4.97
-4.97
2.42
0.38
-2.95
-0.62
0.52
-1.32
0.09
0.26
1.53
-0.05
-0.32
1.90
-1.13
-1.00
-0.42
-0.07
0.19
1.67
-0.46
0.19
-0.59
0.27
-0.37
-0.66
0.97
-2.04
0.02
0.52
1.60
-1.19
-1.32
-1.02
0.14
1.35
-1.15
-0.68
1.89
-1.61
0.43
-0.80
-1.07
2.35
-1.62
0.04
2.72
-3.17
2.59
-1.17
2.27
-1.60
0.13
0.83
0.73
0.31
-0.81
0.60
-0.01
-0.59
-1.60
0.56
0.07
0.09
-1.11
0.92
-0.11
-0.73
-0.13
-0.60
-0.60
0.28
-3.33
3.63
0.85
-2.16
0.89
-1.07
-0.50
1.85
-3.00
0.14
3.78
-3.21
1.48
0.42
-1.25
0.37
0.53
1.92
4.12
-2.74
-1.57
2.60
-1.92
0.35
-1.11
0.23
0.78
-2.00
0.46
-0.19
-0.02
0.24
-1.13
-0.79
0.19
-1.94
-0.82
4.49
-2.65
-2.15
3.39
0.38
0.05
0.29
-0.51
-0.06
2.48
-0.54
-0.83
0.49
-0.20
-0.29
-1.17
0.39
-1.16
2.41
-0.26
-1.41
0.62
0.35
-0.89
-1.58
1.50
-1.18
0.25
