-0.01
-0.00
-0.00
-0.01
-0.00
-0.01
-0.01
-0.00
-0.00
-0.00
-0.00
-0.01
-0.01
0.00
0.00
-0.00
-0.00
0.00
-0.00
-0.00
-0.01
0.00
-0.01
-0.01
-0.00
-0.01
-0.01
-0.00
0.00
0.00
-0.00
-0.00
-0.01
-0.00
-0.01
-0.01
-0.01
-0.01
-0.01
-0.00
-0.00
-0.01
-0.01
-0.01
-0.01
-0.01
-0.01
-0.01
-0.01
-0.00
-0.01
-0.01
-0.01
-0.01
-0.01
-0.01
-0.02
-0.01
-0.01
-0.00
-0.01
-0.01
-0.01
-0.01
-0.01
-0.01
-0.01
-0.00
-0.01
-0.01
-0.01
-0.01
-0.00
-0.01
-0.01
-0.01
-0.00
-0.00
-0.01
-0.01
-0.00
-0.01
-0.00
-0.00
-0.00
-0.00
-0.00
-0.00
-0.01
-0.01
-0.01
-0.01
-0.01
-0.01
-0.01
-0.01
-0.01
-0.01
-0.00
-0.01
-0.00
-0.00
-0.00
-0.00
-0.01
-0.00
-0.00
0.00
-0.00
-0.01
-0.00
-0.01
-0.00
0.00
-0.00
-0.00
-0.00
-0.01
-0.00
-0.01
-0.00
-0.01
-0.01
-0.00
-0.01
-0.00
-0.00
-0.01
-0.01
-0.01
-0.00
-0.00
-0.00
-0.00
-0.00
-0.01
-0.01
-0.00
-0.00
-0.01
-0.00
-0.00
-0.00
-0.00
-0.01
-0.01
-0.01
-0.01
-0.01
-0.01
-0.01
-0.01
-0.01
-0.00
-0.01
-0.01
-0.01
-0.01
-0.01
-0.01
-0.01
-0.01
-0.01
-0.01
-0.01
-0.00
-0.01
-0.00
-0.01
-0.01
-0.01
-0.01
-0.01
-0.01
-0.00
-0.00
-0.01
-0.00
-0.00
-0.00
-0.00
-0.00
-0.00
-0.00
-0.01
-0.01
-0.01
-0.01
-0.01
-0.01
-0.01
-0.02
-0.01
-0.01
-0.00
-0.01
-0.00
-0.01
-0.01
-0.01
-0.02
-0.01
-0.01
-0.00
-0.01
-0.01
-0.01
-0.01
-0.01
-0.01
-0.01
-0.01
0.00
-0.00
-0.00
0.00
-0.00
-0.00
-0.00
-0.00
-0.00
0.00
-0.01
-0.01
-0.01
-0.01
-0.01
-0.01
-0.01
-0.01
-0.01
-0.01
-0.01
0.01
-0.00
-0.01
-0.01
-0.01
-0.02
-0.01
-0.02
-0.00
-0.01
-0.00
-0.03
-0.01
0.02
-0.03
-0.01
-0.01
0.00
-0.02
-0.00
-0.00
-0.01
-0.01
-0.02
0.04
-0.01
-0.00
0.09
-0.16
0.09
0.01
-0.12
-0.11
0.36
0.03
-0.34
0.42
-1.02
0.02
0.02
0.11
-0.50
-0.37
-0.90
0.17
0.17
0.07
1.16
-0.21
0.06
-0.38
-0.53
-0.08
0.61
-0.13
-0.49
-0.14
0.08
-0.38
-0.25
0.75
0.26
-0.27
-0.22
-0.03
0.08
-0.00
-0.32
0.26
-0.73
0.88
-0.18
-0.17
0.25
0.35
-0.55
-0.28
0.42
-0.29
-0.28
-0.69
-0.55
-0.01
0.91
0.02
-0.37
-0.16
0.49
-0.29
-0.32
-0.23
-0.02
-0.56
0.35
-0.14
-0.02
0.17
-0.64
0.37
0.25
-0.06
-0.19
0.34
0.24
-0.48
1.67
-0.79
-0.38
-0.11
-0.06
-0.15
-0.15
1.59
-0.96
0.70
0.33
-0.21
0.64
-0.03
0.14
-0.86
-0.86
-0.27
0.19
-0.07
0.01
0.70
-0.95
0.44
-0.42
0.02
0.14
0.56
-1.10
0.76
-0.49
0.15
-0.09
-0.19
0.09
-0.01
0.78
-0.70
0.26
-0.12
-0.48
0.77
-0.64
0.49
0.89
-1.30
-0.13
-0.28
0.49
-0.41
0.10
0.23
0.02
-0.45
0.48
-0.30
0.03
-0.26
-0.81
0.53
0.04
0.04
-0.62
-0.01
0.14
-0.23
0.65
-0.91
0.16
0.34
0.96
-0.66
-0.05
0.21
0.34
-0.74
0.38
0.47
-0.40
0.60
-1.34
0.74
-0.14
-0.47
0.63
-0.46
-0.13
0.03
0.02
0.80
0.80
-1.15
0.00
0.94
0.48
0.67
-0.61
-0.72
0.32
-0.56
0.29
0.45
-0.16
-0.46
0.42
-0.07
0.92
0.25
-0.46
0.92
-0.12
0.00
-0.40
-0.16
-0.17
-0.62
0.03
1.16
-0.02
-0.27
0.08
0.35
0.45
-0.59
-0.22
-0.22
0.45
-0.28
-0.55
-0.18
0.17
0.41
0.66
-0.65
-0.18
0.79
-0.76
-0.29
0.47
-0.46
-0.29
-0.30
0.54
-0.28
-0.32
0.37
-0.53
0.56
-0.51
-0.26
1.00
-1.73
0.38
0.88
0.63
-1.07
-0.62
0.08
0.77
0.03
0.59
-0.53
0.33
-0.57
-0.54
0.71
-0.13
0.49
-0.70
0.10
0.10
0.31
0.42
0.51
-1.71
1.09
0.82
-1.37
-0.70
0.08
-0.44
0.50
-0.39
0.51
0.39
-1.26
-0.27
0.16
0.48
0.64
-0.14
-0.56
1.15
0.27
-1.01
-0.61
0.11
-0.79
0.16
0.23
0.17
0.58
-0.06
0.96
-0.27
-0.52
1.76
0.37
0.38
-1.01
-0.13
0.64
0.48
0.73
-1.29
0.52
-1.80
-1.01
0.48
-0.28
-0.57
0.25
0.26
0.19
-0.58
-2.09
-0.21
-0.06
0.87
0.74
-0.16
1.27
-1.00
-1.05
-0.09
-0.59
0.17
0.77
0.33
-0.56
1.03
0.04
-2.25
2.34
-0.04
2.23
-1.31
1.08
-0.02
-1.14
0.15
-0.91
-0.91
-0.98
-0.80
0.30
-0.41
-0.84
-2.07
1.66
-1.32
0.23
0.92
-0.69
-0.29
0.01
0.08
1.15
-0.29
-1.37
1.02
1.24
-1.73
-1.38
0.32
0.04
0.78
0.71
-1.37
0.69
1.69
0.49
0.54
-0.45
0.92
-1.47
-0.41
-0.43
0.27
0.73
-1.54
0.05
0.19
0.28
-0.76
-0.44
0.86
-0.40
0.55
-0.07
-0.88
0.79
0.20
-0.75
-1.20
-0.22
1.24
-0.25
-1.32
0.90
-0.23
0.49
1.29
-0.24
0.90
-1.60
-0.92
1.04
-0.28
0.33
-1.51
0.28
-0.77
0.49
-0.79
0.66
-0.80
1.59
-1.10
1.16
-0.17
-0.56
-0.17
0.42
0.19
1.42
-1.10
-1.10
0.35
0.96
-2.87
2.34
1.28
0.69
-0.74
-0.18
-0.71
-0.11
0.74
-1.24
-0.22
0.16
-0.20
-0.23
0.53
-1.24
1.81
-0.16
0.49
-0.56
-1.42
0.35
0.16
1.08
-0.22
-1.45
1.80
-0.64
-0.99
-0.26
0.59
1.22
0.83
-0.43
-1.66
-0.93
2.12
1.39
-1.17
0.14
-2.06
0.96
0.00
-0.24
2.22
-0.23
-0.73
-0.28
-0.38
0.26
-0.64
1.35
0.57
-0.98
0.94
-1.44
-0.74
1.76
1.24
-0.40
0.72
-1.22
0.84
-1.29
-0.29
2.46
2.39
-0.45
-0.50
0.39
-2.05
1.38
3.69
-1.30
-0.92
0.07
-2.01
0.80
0.32
0.04
-0.67
-0.45
0.67
-0.13
-0.81
1.53
-0.66
0.99
-0.22
-0.22
0.55
-0.72
-1.21
-0.50
1.10
1.44
-0.60
0.08
-0.94
-0.75
3.15
-2.88
0.26
-0.24
0.64
-0.67
-0.85
0.01
1.09
-0.83
0.30
-1.08
0.98
-1.12
-0.02
-1.48
0.08
1.13
-1.10
1.28
0.07
-1.51
0.80
1.04
-1.92
2.45
-1.42
-0.75
0.45
-0.98
0.60
-0.11
-0.54
0.81
-1.00
0.99
-0.65
0.83
0.17
0.51
-0.31
-0.14
-0.80
0.07
-0.36
1.34
0.13
-1.90
1.68
-0.71
-0.94
-0.22
0.57
0.51
-0.49
-0.37
-0.14
-0.71
0.44
0.08
1.16
-1.52
1.46
0.37
0.42
0.24
0.78
-1.69
-0.68
0.22
-0.78
1.28
0.74
0.74
1.77
-0.91
0.44
0.57
0.43
-0.01
-0.59
-0.77
0.11
0.62
-0.56
0.07
-2.35
-0.28
1.51
-1.09
-0.67
0.19
-1.22
1.01
-1.28
-0.29
0.89
0.50
0.19
-0.18
-2.88
1.74
2.02
-0.98
0.03
-0.44
-0.72
0.89
-0.57
-0.50
-1.08
0.81
-0.51
0.49
0.76
0.66
0.04
-1.08
-1.02
1.13
-0.09
-0.06
-0.97
1.24
0.96
-1.33
1.13
-1.40
0.54
0.27
-1.81
1.31
-0.25
0.13
-0.28
-0.21
3.25
-0.38
-0.97
0.62
-0.70
0.47
-0.60
-0.00
0.91
-0.36
0.52
-1.39
2.76
-1.81
1.62
-0.15
0.07
-1.65
0.05
1.76
-0.45
-0.45
-0.04
-0.04
-1.66
0.46
0.20
1.40
0.57
-1.10
0.40
-0.34
-0.98
0.01
0.01
-0.08
0.28
0.28
-0.15
0.16
-0.59
0.78
-0.46
-0.06
-0.55
1.66
-0.61
1.34
-1.01
-0.23
0.00
-0.24
-0.64
0.23
0.88
-0.68
-1.20
1.22
-1.33
1.62
-2.64
0.54
1.46
-0.22
0.95
-1.05
-0.23
-0.21
-0.48
0.84
-1.64
1.97
-0.46
0.21
0.17
0.09
-0.35
-0.02
-0.13
0.03
0.09
-0.34
-0.47
2.64
-0.97
0.78
0.40
-2.13
0.38
0.90
0.74
-0.88
0.01
-0.72
0.89
0.04
-0.82
1.91
-0.39
-0.39
0.12
-0.89
-1.23
2.37
-1.27
0.66
-0.18
1.10
0.46
0.36
-0.59
-0.45
-0.03
0.73
-0.50
-0.25
0.05
-0.22
0.25
0.29
0.31
-1.33
-0.56
0.33
0.48
-0.03
0.02
0.42
-0.33
-1.40
0.13
0.20
-2.89
1.90
1.83
-1.00
-0.86
0.22
1.91
-3.59
-2.30
-1.32
-0.30
-1.52
-0.23
-0.16
1.12
-0.33
-0.02
0.07
-2.22
1.63
0.80
-0.61
-0.25
-0.57
0.71
-1.29
0.53
0.65
0.15
-0.50
0.28
-1.25
-0.09
0.50
-0.32
-0.23
0.10
0.09
-0.85
-1.03
0.38
-0.96
0.01
1.59
-0.17
0.12
-0.36
0.87
-0.09
-1.74
-0.10
1.29
1.29
-0.89
0.03
1.03
-0.71
0.27
1.02
-0.82
-0.00
1.28
-0.91
0.29
-0.32
-0.09
-1.65
1.74
0.32
-0.67
0.58
2.75
-0.78
-1.14
3.15
2.98
-1.33
-1.03
-0.05
0.30
-0.88
0.56
-0.54
-1.18
0.25
0.10
0.71
0.24
-0.17
-0.24
0.67
-0.42
0.04
-0.10
-0.59
0.09
-0.18
0.18
0.22
-0.56
0.81
-1.45
2.38
-0.24
-2.28
0.47
1.41
-1.54
-1.41
2.13
-0.72
-0.46
0.62
1.20
-2.13
-1.16
2.51
-0.21
2.29
-0.69
-0.04
0.19
-1.99
2.24
-0.76
-0.02
0.58
-1.45
-0.59
-1.08
-0.84
1.04
-0.09
-0.42
-0.64
-0.33
1.49
-0.15
-1.47
0.89
0.89
0.17
1.46
-1.43
1.34
0.48
-1.78
-0.45
2.48
-1.38
-0.52
-0.21
-0.25
0.11
2.13
2.01
-3.53
-0.44
2.51
0.81
-1.50
-0.30
-0.98
0.94
-0.16
0.54
-0.73
-0.87
0.79
0.02
-0.32
-0.51
1.22
0.15
-0.15
1.14
-0.34
-0.86
1.00
-1.47
0.97
0.86
-1.69
0.50
0.99
0.15
-0.50
-0.82
0.52
0.65
-0.88
0.83
-0.82
-0.98
1.58
-1.17
1.63
0.74
-1.14
-0.50
-0.68
0.65
3.97
-0.77
0.71
0.70
-0.04
1.66
-1.33
-0.49
1.20
-0.18
0.34
-0.59
1.64
0.12
0.05
-0.79
-0.37
-0.14
1.33
-0.11
0.31
0.08
-3.01
-0.40
0.72
1.43
-0.80
-0.80
-0.39
-1.46
0.82
0.56
-0.58
0.34
0.19
-1.03
1.45
-0.31
-0.06
-0.17
-0.26
0.54
-0.96
-0.14
0.22
-1.37
0.17
0.61
-0.29
-0.26
0.68
0.09
-0.08
-0.58
-1.77
0.59
0.49
1.65
-1.61
0.62
-0.19
2.15
-1.58
-1.73
0.73
0.75
-0.78
-0.87
0.96
-0.50
-0.29
0.22
0.10
-1.48
0.42
-0.47
1.27
-0.75
1.14
-0.86
1.12
-1.10
1.04
1.71
-0.67
-1.03
0.61
0.33
0.92
0.53
-1.31
0.93
-0.58
-0.32
0.20
1.19
0.99
-0.68
-0.84
0.91
-0.74
0.79
0.91
-0.22
-0.95
0.62
-0.93
-1.01
0.08
0.67
-1.01
0.39
-0.32
0.51
0.51
-0.10
0.72
-0.28
-3.18
0.50
-1.28
1.02
-0.17
-0.71
-0.19
1.34
-0.18
-0.76
-1.79
-0.01
1.85
-0.32
1.97
1.17
0.06
-1.08
-1.86
0.27
-1.39
0.87
0.43
-0.34
0.55
0.44
1.24
-0.39
-1.32
0.07
0.41
0.11
0.55
-0.04
-2.20
2.21
1.02
-1.03
-1.40
-0.52
1.69
-1.96
0.98
0.69
-0.03
-0.31
-1.33
1.32
-0.30
-0.56
0.87
-2.74
2.90
2.78
-2.41
-0.88
1.87
0.51
-1.10
1.82
-0.90
-2.43
-1.58
0.84
-0.94
0.71
0.50
-0.85
1.07
-1.08
0.03
-0.13
-1.91
1.60
0.38
0.55
0.37
-2.76
1.21
1.48
-1.03
-1.30
-1.30
2.45
-1.82
-1.48
0.19
-0.56
1.05
-0.52
-1.79
1.24
-0.92
-1.20
0.06
1.05
1.59
-0.25
0.33
-0.01
-1.57
-0.86
0.43
0.68
0.02
-0.26
-0.44
-0.20
0.31
0.79
-1.35
-2.52
0.45
-1.06
-0.69
-1.05
1.50
-1.18
0.08
1.68
-0.70
-0.58
-1.63
-0.16
1.04
1.23
0.82
-2.94
1.58
0.41
-2.90
0.76
-2.01
-1.18
-0.64
-0.67
0.23
-0.80
-0.35
0.32
0.11
1.35
-1.28
-1.34
-1.94
1.01
-0.37
1.23
0.59
-0.82
-0.14
-0.37
0.23
-1.83
1.50
-0.75
1.44
-2.32
-2.78
1.27
0.59
0.54
-2.42
1.65
-1.55
1.62
-0.42
0.35
-0.56
0.63
1.29
-3.85
1.70
-1.02
1.36
-0.73
-0.73
1.73
0.34
-1.37
0.62
0.39
-0.38
0.04
1.38
-0.00
-1.42
-0.44
0.62
0.26
1.26
0.29
-0.73
-0.76
-0.60
0.77
1.54
-1.02
-0.89
1.26
-0.52
-0.49
1.56
-2.49
-1.47
1.73
-0.15
0.45
-0.32
-0.03
0.09
0.29
-0.64
0.35
0.60
-1.17
-1.32
2.53
-0.63
1.79
-0.78
1.42
0.55
-5.32
2.99
1.42
-1.22
0.61
-1.81
0.58
-2.52
-1.17
1.65
-1.02
-0.88
0.83
2.11
-3.34
1.36
1.10
-0.39
0.26
-1.30
1.18
-1.03
0.61
1.01
1.32
-1.72
0.74
-0.30
-1.30
0.53
1.65
-0.07
0.47
-0.27
-1.82
1.18
0.82
-2.06
1.17
0.16
-0.83
-0.12
-1.87
0.78
0.53
-0.80
-0.51
1.69
0.57
0.57
-2.47
-0.12
1.66
-1.66
-1.00
-0.44
0.89
-1.24
-0.61
1.12
0.11
-0.54
-1.27
1.68
-1.78
1.50
-0.22
0.97
-0.34
-1.27
1.09
-0.67
-2.18
0.09
0.79
1.59
0.03
-0.92
0.39
0.73
-0.66
-0.63
-0.64
2.89
-0.56
-1.04
-0.34
-2.20
0.21
1.01
-0.24
0.28
1.02
-1.40
-0.54
0.61
1.52
2.62
-1.99
-1.40
1.57
-0.62
0.84
-2.27
0.78
-0.69
-0.84
1.99
-1.11
1.12
-1.37
-0.35
-0.52
-1.28
1.41
-1.49
1.12
0.62
-0.87
-0.46
-0.79
0.37
-0.41
-0.02
0.80
0.41
0.08
0.18
-1.62
-0.04
-1.21
0.65
-1.31
2.02
-0.37
1.10
-0.75
0.44
0.44
-0.13
-0.90
-0.23
0.35
0.29
-1.68
2.14
-0.57
-0.19
1.24
-1.88
0.64
0.46
-2.65
3.49
-0.27
-0.38
1.19
-1.54
0.61
1.44
-1.83
-1.02
-0.08
0.17
-0.81
1.73
-1.15
0.67
1.17
-2.32
0.44
0.35
-0.85
-0.20
0.56
1.66
-0.24
0.47
-1.64
1.71
-0.77
-3.90
0.03
-0.06
-0.43
0.53
0.29
-0.46
0.62
-0.61
-1.09
0.84
-0.81
-0.44
2.06
0.05
-0.37
-0.64
-0.32
-1.39
-0.33
-0.61
1.90
0.27
-0.80
1.37
-0.08
-1.00
0.91
0.51
-0.83
0.29
0.14
0.12
-1.37
-0.26
-0.20
0.88
-0.55
-1.39
0.58
0.70
-1.26
0.68
-2.45
1.71
1.71
0.49
0.27
-0.16
-2.11
-0.82
1.91
-0.71
-1.56
-0.44
1.85
-0.26
-0.11
-0.74
1.09
-2.05
-1.19
-0.99
1.74
0.47
-2.08
-0.22
-1.23
-0.25
0.52
-1.20
0.33
-0.01
0.44
0.55
-1.72
2.56
-0.03
-0.62
0.09
0.45
0.32
-0.19
1.55
-1.43
1.14
0.52
-0.51
0.53
0.06
0.11
1.68
0.98
-0.27
-0.79
0.30
0.81
-0.15
-0.06
1.12
-2.63
-0.93
1.69
-2.17
2.62
0.68
-0.61
-2.49
0.48
-0.51
1.26
-0.11
-0.55
-0.29
0.04
-0.06
-0.39
0.29
-0.30
-0.97
0.44
-0.90
1.16
-0.08
2.02
-1.46
0.08
-1.68
-0.07
-0.84
-0.63
0.60
0.36
0.36
1.32
0.22
-0.77
-0.12
-0.19
3.17
-2.75
0.67
1.10
2.37
-0.14
0.32
-0.30
-0.45
0.29
-0.57
1.47
1.93
-0.52
-0.21
0.25
-0.75
1.41
-0.84
-1.22
1.34
0.13
-1.00
0.57
0.54
0.16
-1.60
-0.06
0.38
0.76
0.21
-2.01
-0.99
-0.60
-0.08
0.86
0.62
-0.61
-0.42
-0.35
-1.53
-0.12
0.97
1.09
0.24
-1.05
0.13
0.51
-1.16
-0.68
0.83
0.73
-1.20
1.69
-0.86
-1.60
2.86
-0.06
-1.89
0.14
0.28
0.15
-0.28
0.16
-0.11
0.50
0.50
-2.23
1.00
0.24
0.05
0.14
-1.31
-0.39
-0.12
0.14
0.45
-1.60
-1.60
0.43
0.31
-3.11
1.17
-0.06
-0.04
1.21
-0.70
0.27
-0.47
-1.21
0.24
0.71
-0.06
-3.41
-1.01
-1.24
-0.79
0.85
-0.51
1.92
3.69
-1.67
0.33
2.16
0.29
-2.93
2.06
-1.49
-0.73
-0.90
0.35
-0.26
0.88
-0.65
-1.50
-0.09
-0.29
-0.03
-0.16
-0.36
2.13
0.20
0.31
-2.10
0.13
0.07
-0.75
0.78
0.46
-1.43
-0.73
1.11
-0.28
0.29
0.06
-1.34
0.42
1.38
0.65
-2.59
-1.93
-1.81
-0.94
1.75
0.24
-1.55
-1.07
0.51
-0.09
-0.96
-0.78
1.03
0.95
0.95
-3.11
-0.01
0.92
-3.20
0.12
-0.53
3.29
-1.08
0.06
1.04
-1.05
-1.05
2.16
-0.48
-0.64
-0.08
0.29
1.23
-0.28
-0.84
0.62
0.85
-0.20
-2.05
1.02
2.12
-0.93
0.38
1.33
-1.36
0.59
0.59
-0.08
0.07
-1.71
-0.63
-0.76
-0.69
-0.59
1.39
0.10
-0.91
1.96
-4.76
-1.19
0.05
1.08
-2.09
-2.02
-0.22
0.27
-1.71
-0.05
-0.76
0.04
0.57
0.08
0.71
0.68
0.56
-0.23
-0.36
-1.34
0.94
-1.37
1.38
0.45
-1.17
0.13
0.58
-1.40
-0.42
1.89
-1.51
1.92
-0.06
0.39
-0.22
0.28
0.21
-0.40
0.15
-0.43
-0.89
0.48
-0.46
-0.81
1.46
0.83
-0.85
0.74
-1.25
-1.11
0.80
-0.88
-0.22
-0.22
-0.69
-0.01
-0.01
0.28
-0.30
-0.78
-0.63
-0.58
-0.68
0.74
-1.21
0.28
0.18
-0.29
0.19
-1.15
-0.30
-1.55
1.66
2.31
-0.93
-1.36
0.92
-0.42
-0.76
-0.02
1.31
-0.50
1.05
-1.38
0.53
0.55
-1.04
-0.65
0.01
0.17
1.88
-0.73
0.06
1.09
-0.82
0.01
0.91
-0.74
-0.50
-0.46
-0.46
-0.15
-1.71
0.50
0.43
-0.85
-0.01
1.20
-1.24
-0.66
-1.39
1.93
-0.12
0.12
0.09
-2.76
0.21
-0.96
-0.24
2.26
-1.79
1.08
1.99
-1.38
-1.57
2.82
-0.62
-1.46
0.41
0.93
-0.59
0.68
-0.44
-1.39
3.70
0.75
-2.23
-0.44
-1.64
1.12
1.61
-1.51
-1.51
0.74
0.25
0.56
-0.98
-0.48
-0.05
-0.07
-0.24
1.05
-1.17
1.04
0.00
-0.91
-0.72
1.48
-1.07
-1.41
-1.67
2.17
1.16
-0.42
-0.82
1.27
0.60
-3.49
-0.03
2.37
1.23
-1.96
-0.90
0.64
-0.58
-1.39
-0.61
1.89
-4.15
1.75
1.31
0.54
-0.08
-0.84
0.93
-0.96
-0.19
-1.17
2.88
1.49
-1.69
-0.35
0.24
0.71
0.73
-0.71
1.72
-3.32
1.07
2.93
-2.30
-1.05
1.86
-1.26
0.67
-1.45
-0.02
-0.07
-0.33
0.72
-1.18
-1.85
1.29
-1.00
1.03
-1.09
-2.25
2.81
-1.18
1.18
-0.93
1.78
0.76
-1.99
-0.78
0.20
-1.09
0.10
2.14
-0.37
-1.20
-0.18
0.99
-0.52
-0.90
-0.56
0.62
0.62
1.60
0.02
-1.04
-0.41
0.36
-1.77
1.49
0.06
1.01
-0.23
-1.33
2.87
-2.11
0.16
2.29
-1.32
-1.64
3.06
-3.15
-1.60
2.03
-0.93
-0.45
1.35
-0.69
-0.61
0.22
-0.79
-1.08
-0.34
0.32
-0.59
0.56
1.37
-1.15
-0.87
-1.10
-0.58
-1.15
2.05
-0.97
3.31
-2.36
-1.08
-1.56
0.86
-0.20
-0.82
1.39
-0.94
-0.06
2.16
0.17
-0.77
-0.04
-1.06
1.25
-0.87
1.67
1.12
-1.41
-0.51
3.28
-0.46
-0.42
-1.53
-1.34
1.51
0.81
1.76
-2.57
1.33
0.40
-1.02
0.53
1.09
-3.28
1.01
0.12
0.75
1.56
1.15
-0.62
-1.64
-0.79
-0.60
1.24
-0.97
-1.74
2.51
2.01
-3.19
1.36
-1.82
-1.95
2.27
2.27
-1.80
0.88
0.64
0.26
0.33
-1.09
1.50
-1.02
-1.58
-0.32
0.56
1.45
0.77
-1.72
0.24
0.78
-0.83
0.08
0.75
1.10
-1.39
0.16
0.06
0.29
1.39
0.43
-2.16
0.18
-0.50
-0.42
-1.27
1.01
-1.33
1.56
-2.25
1.19
1.26
-0.74
-2.86
0.31
0.29
1.92
0.65
1.79
-0.34
-2.57
0.35
0.18
-1.26
1.26
0.33
0.13
-0.28
1.48
-1.00
-2.42
0.09
0.72
-0.60
2.21
-1.28
-0.62
-1.07
1.25
-0.45
0.30
0.50
-0.83
-0.17
-0.42
0.37
1.75
0.51
-1.77
0.86
0.13
1.08
-1.71
0.17
-0.71
1.12
0.51
-0.37
-0.33
-1.16
0.03
0.50
-1.33
-1.42
0.31
0.31
-0.16
-0.16
1.51
0.47
-1.21
-2.47
1.79
-1.78
2.58
1.08
-1.50
0.45
-0.24
-3.04
0.28
0.91
-2.28
1.91
0.20
2.44
-3.81
2.74
-1.07
-0.02
0.33
-0.17
1.02
0.72
0.55
-1.43
1.02
0.10
-0.77
1.42
0.74
-2.23
0.14
0.78
-0.52
-0.71
1.02
0.26
-0.65
-0.39
-0.68
-2.06
0.52
0.53
0.18
0.80
-0.62
1.46
-1.40
-1.77
1.89
-2.29
-0.06
0.30
-0.08
1.35
-1.35
0.40
-0.47
-0.73
0.19
-0.04
0.08
0.71
-0.60
-0.17
0.15
0.92
-0.57
-1.30
1.41
0.07
-0.23
1.34
-0.97
-0.17
2.36
-0.49
-0.62
-0.56
1.42
-1.20
-0.69
-0.09
1.78
0.53
-1.60
-1.60
-0.57
0.88
-1.51
-0.91
0.68
-1.72
0.99
1.28
-1.75
-0.73
0.44
-1.50
0.81
-0.27
-0.39
1.35
0.96
-0.25
1.77
-2.72
-3.84
1.30
-0.51
1.05
-2.44
-0.01
0.26
-1.58
0.10
0.40
-1.00
0.46
1.83
1.27
-1.60
-1.57
1.24
0.67
0.24
-1.42
1.14
-1.04
-1.36
0.81
2.29
-0.14
-0.43
-0.69
0.59
0.07
-2.10
-0.42
0.07
2.00
-0.71
-0.48
-0.55
0.80
1.32
-3.53
0.31
-1.31
0.94
-0.68
1.32
0.65
-2.35
-0.04
-0.55
-1.48
0.42
1.14
0.81
-1.40
-0.25
1.25
0.42
-2.20
-0.77
-0.81
0.57
0.39
-1.18
-1.65
-1.07
5.53
-1.46
-1.46
0.48
1.46
0.74
0.74
0.33
-0.99
0.87
-1.73
0.26
-0.06
-0.36
0.88
0.99
-1.12
0.06
0.93
-1.07
1.91
-0.80
-0.62
0.48
-1.67
-0.13
0.20
-0.41
0.27
0.48
0.62
-1.12
-0.81
-0.11
0.10
0.39
-0.18
0.53
-2.00
-0.34
0.16
-0.25
-1.44
-0.75
1.04
0.60
-1.15
2.76
-1.74
1.30
-0.42
-0.10
0.50
-0.19
0.62
1.39
-1.94
-0.32
1.64
0.75
1.09
-2.16
0.50
-0.23
0.31
0.46
-2.09
2.57
-0.01
-0.86
0.36
-0.14
-1.80
0.53
0.50
-0.28
-0.39
0.69
-0.91
-1.88
2.93
-0.86
-1.52
0.66
-0.82
1.33
-1.47
0.08
1.31
-2.19
-2.19
-1.22
1.19
-0.79
0.35
0.00
-1.52
1.81
0.82
-0.50
-3.53
1.84
-0.18
-1.51
-0.79
0.97
-0.46
-0.66
0.81
0.80
-0.27
-0.41
-0.32
0.75
0.19
-1.53
2.07
0.83
-0.38
-1.36
0.23
0.93
-1.59
-1.70
1.62
-2.29
2.43
1.91
-1.73
-2.52
0.87
-0.38
-0.09
0.23
-1.21
2.28
-2.37
-0.18
2.92
-2.76
-3.07
0.67
1.50
-0.53
-0.37
0.31
-1.37
-0.46
-1.72
0.36
0.88
-0.84
0.17
2.07
-0.62
-1.21
3.53
-0.01
-3.28
-1.17
-0.97
2.75
-0.92
-0.02
0.98
-0.11
0.56
0.11
-0.33
-0.87
-0.82
0.69
-3.02
0.05
2.85
-1.31
0.16
-0.84
0.26
-1.56
1.27
-1.22
1.33
-0.16
0.70
0.73
-1.90
0.40
0.40
-1.84
0.34
-0.27
-0.27
0.25
-0.94
-0.85
-1.06
0.90
-0.85
-0.15
0.42
0.22
-1.19
0.72
0.74
-0.08
1.11
-0.55
-0.02
-1.01
0.85
2.56
-1.69
-0.26
2.98
-2.27
-0.28
1.53
-1.05
0.89
-0.73
-1.50
1.91
-0.29
0.39
-0.24
0.69
-1.69
-2.47
0.60
0.21
-0.49
0.29
0.56
-2.53
1.98
0.67
-2.32
-0.41
-1.27
1.88
1.51
-0.65
1.47
0.32
-2.89
-0.37
0.55
0.33
-0.14
0.78
-0.30
0.43
1.12
-0.25
0.26
0.02
0.94
1.32
-0.56
-0.39
-2.75
2.93
1.94
-1.35
0.07
-0.82
-0.41
1.78
-1.20
0.51
1.50
-1.47
0.67
0.76
0.23
-1.94
-1.94
0.77
-1.02
1.41
0.48
-0.41
-0.32
1.75
-2.29
-0.19
-0.30
-0.88
0.53
1.32
-2.33
0.24
1.00
-0.17
-3.55
-1.12
2.92
1.34
-2.45
-1.65
0.42
2.48
1.58
-0.49
0.15
0.15
0.78
-0.51
-0.80
2.52
-1.31
1.11
-1.91
0.84
0.09
0.88
0.76
-0.50
0.27
0.16
-1.99
1.23
1.37
-0.40
-1.71
0.12
0.14
0.75
-0.61
0.20
0.62
0.98
-3.21
-1.71
2.02
-1.09
0.88
-1.28
0.42
1.12
-2.27
-0.02
-1.91
0.94
-0.38
1.64
-1.07
1.23
0.58
-1.66
-2.35
0.19
1.61
-0.58
0.59
0.73
-2.48
3.35
0.02
-0.99
0.20
0.57
-0.10
3.52
-1.48
0.07
0.07
0.83
0.03
0.12
0.27
0.27
-1.78
-0.80
-1.86
1.51
2.63
-2.04
2.18
-0.25
-1.95
-0.41
-2.28
0.63
-0.27
-0.02
1.14
-0.83
0.88
1.41
-1.32
-1.36
5.50
-0.61
-2.50
1.49
-0.65
1.89
0.19
-4.00
1.84
-0.64
-0.99
0.11
3.18
-2.28
0.05
2.42
0.17
-1.40
0.59
0.20
-1.41
1.68
-0.84
-0.52
2.39
-0.21
-0.55
0.02
-1.25
-2.39
1.98
1.38
0.47
-0.21
-1.55
0.57
0.96
-1.39
-1.63
1.98
-0.79
1.32
1.57
-0.85
0.81
-0.78
-3.05
1.24
0.20
-0.54
0.25
1.14
0.68
-1.06
-0.70
-2.36
-0.46
-0.83
1.12
-1.19
-0.13
0.78
0.46
1.13
-0.59
-0.26
0.03
0.88
0.12
0.89
0.89
0.60
-0.73
0.80
-0.20
-0.71
-0.48
-0.46
0.99
-0.63
0.20
0.87
0.46
-0.88
0.51
0.47
-3.47
-0.08
1.06
0.17
1.55
1.86
-1.85
-1.94
0.66
-0.99
-0.05
-0.48
1.43
-0.49
1.33
-2.35
0.46
-1.24
-2.29
-0.36
1.06
1.01
-3.24
2.52
0.60
-1.33
0.92
0.28
2.13
-0.86
-0.10
0.78
1.77
-2.11
0.21
0.82
-0.02
0.37
-0.87
-1.62
0.71
-1.61
-0.51
0.35
0.25
-0.13
-1.51
0.46
-2.65
-0.24
2.26
1.50
-0.15
-1.31
0.26
-0.29
-0.39
0.04
0.18
-1.85
1.60
0.87
0.64
-2.23
0.73
-0.53
-1.25
-0.91
1.65
0.43
-1.63
2.74
2.74
-0.98
0.88
-0.32
-1.63
-0.36
-0.83
0.61
0.86
0.65
-2.27
-2.34
4.13
0.21
-0.56
-0.80
0.39
0.73
-0.91
0.76
-0.62
1.73
-1.37
-0.68
0.76
-0.94
-0.09
-0.74
0.38
-0.09
1.09
-1.38
0.20
-0.79
-1.03
0.09
-0.20
0.17
0.25
1.75
0.61
-0.01
-0.84
0.09
-1.86
1.18
1.24
1.37
-1.99
1.09
-2.58
2.15
-1.98
-0.20
1.29
-0.64
-1.74
3.92
0.87
-1.27
0.65
-0.43
0.80
-1.68
1.53
0.54
0.05
-0.99
1.81
0.37
0.91
-1.29
-1.75
-0.66
1.47
0.39
0.59
0.70
-0.83
0.81
-0.59
-0.57
1.59
-2.47
-0.16
0.87
1.79
-1.32
-0.75
-0.50
0.87
-1.48
0.50
0.50
0.11
-1.04
-0.88
2.88
-2.64
0.36
-4.02
-0.00
0.26
-0.71
-0.61
1.71
0.38
-2.53
2.98
0.59
-1.22
0.17
1.75
-0.55
-0.50
2.29
-0.69
-1.44
1.63
0.88
-2.77
1.42
0.40
-2.00
-0.00
0.64
0.80
0.55
-1.25
0.70
-0.91
-2.66
0.93
0.41
-0.21
2.79
-0.00
-0.69
-0.97
1.38
-2.84
1.12
0.17
0.19
0.60
-1.91
1.15
0.68
-0.84
-0.08
-0.32
-0.60
-0.08
2.06
-1.50
0.38
1.37
-0.91
0.99
-0.48
-0.02
3.04
0.19
-0.94
0.83
-0.35
1.45
-0.28
-0.68
-1.35
-0.04
0.40
0.76
-2.35
2.36
0.97
-1.71
0.66
1.01
-0.89
-1.06
-1.20
-0.79
0.90
0.17
-0.64
1.13
-0.25
-2.87
0.94
1.31
-0.40
0.48
-0.19
0.78
1.67
-1.64
-0.85
-1.13
-0.74
1.12
0.53
0.88
-2.71
0.81
2.65
-1.15
1.44
2.58
-0.41
0.65
-1.21
0.60
-0.82
3.63
-1.77
-0.63
-1.11
-0.15
-0.68
0.53
-1.07
0.29
1.42
-0.55
-0.40
-1.14
-0.18
0.35
-0.36
-0.07
0.14
-3.39
0.59
1.08
-0.90
0.69
-1.67
-0.32
1.20
1.49
0.21
-1.37
-0.84
-1.98
0.36
-0.93
-0.84
1.65
1.38
-0.99
-1.40
2.81
1.39
-2.32
-0.22
0.23
0.10
-0.96
1.26
-0.37
0.53
0.10
-0.02
-1.51
-1.32
-0.36
-0.29
0.78
1.05
0.10
-0.22
0.63
-1.01
-0.30
1.30
-0.24
-1.44
-1.89
1.46
-0.41
1.60
-1.52
0.30
0.37
-2.89
1.57
0.24
-0.27
-0.82
0.92
0.70
1.61
-0.74
-3.16
-0.28
1.41
-1.74
-1.04
1.05
-0.40
0.44
1.83
-1.35
1.97
-0.33
-0.31
2.63
0.92
-0.96
0.36
-0.06
-0.04
-1.12
-0.31
1.06
0.49
-0.13
-1.57
1.66
0.72
-1.99
0.38
-1.01
-0.69
1.23
-0.12
0.21
1.48
-1.23
-0.17
0.14
-2.74
0.36
1.87
-1.76
1.21
0.99
-2.28
-0.12
0.85
-0.11
-1.00
0.25
0.29
1.41
2.10
-4.51
2.61
0.55
-0.94
1.88
-1.77
0.57
1.31
-0.17
-2.21
1.43
1.89
-0.23
-1.31
0.39
0.39
-4.17
2.28
-1.58
-1.58
-1.21
1.36
-0.03
-2.41
-0.31
0.95
1.08
-0.76
-0.56
0.20
-0.71
0.56
-1.00
-0.88
0.25
-0.38
-2.00
-0.61
3.15
0.28
-1.61
-0.70
-0.64
-0.36
0.29
-0.71
1.68
-0.37
0.06
-4.51
3.46
1.74
-1.00
0.22
-0.63
0.82
2.35
-3.06
2.46
0.51
-1.73
0.74
-2.39
0.75
-0.34
0.44
1.13
-0.31
1.14
-0.64
-1.36
2.28
-0.22
-2.70
-0.46
1.93
-2.97
1.83
-0.88
0.30
0.03
-0.35
-0.31
-2.20
-0.67
3.44
-0.25
0.07
-0.83
-0.72
-1.13
-0.49
0.11
-0.34
0.95
0.38
-1.33
-0.34
2.30
-1.31
-0.73
-1.80
3.10
-0.11
-0.52
-0.76
1.56
0.94
0.14
-1.42
0.61
0.21
0.21
1.51
1.51
-1.39
0.48
1.84
-0.66
-0.46
-0.12
-0.07
-1.67
-0.16
0.48
3.35
1.76
-0.21
-0.30
-1.16
-1.78
-1.39
0.17
0.06
0.78
2.05
-2.23
-1.07
3.53
-3.33
-1.82
-0.79
3.52
-1.90
0.30
0.04
-1.76
2.38
2.64
-1.25
0.80
1.18
-1.92
2.54
0.07
-0.50
0.25
-0.50
-0.23
0.73
-0.08
-1.61
-0.57
0.79
2.11
-2.25
1.07
1.73
0.27
-1.76
-1.43
-0.77
0.13
2.08
-1.48
1.67
-0.81
-1.24
-1.29
0.33
-0.24
-0.01
0.07
-0.47
-1.30
-1.04
0.91
-0.80
-1.32
0.79
0.41
-0.73
1.21
0.38
-0.34
1.21
-0.24
-2.63
1.00
2.13
-0.91
-0.39
0.29
0.40
1.17
-0.96
-0.96
0.66
0.11
1.19
-1.33
0.22
2.07
-1.10
-0.16
1.03
-0.69
0.10
-2.78
-0.57
-0.21
-0.22
4.74
0.28
-1.76
0.44
-1.81
-2.19
0.41
0.58
-1.53
0.46
1.13
-1.29
0.34
0.61
-2.30
-0.05
0.30
0.12
0.19
-0.98
-2.56
1.92
0.85
