-0.02
-0.02
-0.02
-0.01
-0.02
-0.02
-0.02
-0.02
-0.01
-0.01
-0.01
-0.02
-0.02
-0.02
-0.01
-0.01
-0.01
-0.01
-0.01
-0.01
-0.02
-0.02
-0.02
-0.01
-0.01
-0.01
-0.02
-0.01
-0.02
-0.01
-0.01
-0.01
-0.02
-0.01
-0.02
-0.01
-0.02
-0.02
-0.01
-0.01
-0.01
-0.01
-0.02
-0.01
-0.01
-0.02
-0.01
-0.02
-0.01
-0.01
-0.01
-0.01
-0.01
-0.01
-0.01
-0.01
-0.01
-0.02
-0.02
-0.02
-0.01
-0.01
-0.02
-0.01
-0.02
-0.01
-0.01
-0.02
-0.01
-0.02
-0.02
-0.02
-0.01
-0.02
-0.02
-0.01
-0.01
-0.01
-0.02
-0.02
-0.01
-0.01
-0.01
-0.02
-0.02
-0.02
-0.01
-0.02
-0.01
-0.01
-0.02
-0.02
-0.01
-0.01
-0.02
-0.02
-0.01
-0.01
-0.01
-0.02
-0.02
-0.01
-0.02
-0.02
-0.02
-0.02
-0.02
-0.02
-0.01
-0.01
-0.01
-0.02
-0.02
-0.02
-0.02
-0.01
-0.01
-0.01
-0.01
-0.01
-0.01
-0.01
-0.01
-0.01
-0.01
-0.01
-0.02
-0.02
-0.02
-0.02
-0.01
-0.01
-0.01
-0.01
-0.01
-0.02
-0.02
-0.01
-0.01
-0.01
-0.02
-0.02
-0.02
-0.01
-0.01
-0.01
-0.01
-0.02
-0.02
-0.02
-0.01
-0.01
-0.01
-0.02
-0.02
-0.01
-0.01
-0.01
-0.01
-0.01
-0.01
-0.02
-0.02
-0.02
-0.02
-0.02
-0.02
-0.02
-0.01
-0.01
-0.02
-0.02
-0.02
-0.02
-0.01
-0.01
-0.02
-0.01
-0.01
-0.01
-0.01
-0.01
-0.01
-0.01
-0.02
-0.01
-0.01
-0.02
-0.02
-0.02
-0.02
-0.01
-0.01
-0.02
-0.02
-0.02
-0.01
-0.01
-0.01
-0.02
-0.02
-0.02
-0.02
-0.02
-0.02
-0.02
-0.02
-0.02
-0.02
-0.02
-0.02
-0.02
-0.02
-0.02
-0.02
-0.02
-0.02
0.01
-0.02
-0.03
-0.01
-0.01
-0.04
0.07
-0.06
0.02
-0.08
-0.04
-0.01
-0.00
0.01
-0.01
-0.02
-0.01
-0.00
-0.00
-0.02
0.00
-0.01
-0.01
-0.00
-0.00
-0.00
-0.00
-0.01
-0.00
-0.02
-0.01
-0.01
-0.01
-0.01
-0.02
-0.02
-0.01
-0.02
-0.03
-0.02
-0.01
-0.02
-0.02
-0.02
-0.01
-0.02
-0.00
-0.00
-0.03
-0.02
-0.01
-0.01
-0.02
-0.02
-0.02
-0.02
-0.01
-0.02
-0.01
-0.01
-0.00
-0.01
-0.02
0.00
-0.02
-0.02
-0.01
-0.00
0.00
-0.00
-0.01
-0.13
0.03
-0.04
0.02
-0.03
-0.06
0.04
-0.05
-0.01
0.00
-0.04
-0.04
-0.01
-0.04
-0.01
-0.04
-0.01
-0.01
-0.02
-0.03
-0.03
0.22
-0.14
0.05
-0.43
0.27
0.39
-0.57
0.10
0.03
-0.22
0.15
0.06
-0.06
-0.08
-0.14
-0.20
-0.01
0.33
-0.24
-0.03
-0.21
-0.05
0.01
-0.00
0.18
-0.14
0.01
0.18
-0.02
-0.32
0.26
0.04
-0.01
-0.36
-0.16
0.13
-0.03
0.11
0.08
-0.12
0.11
-0.22
-0.14
0.47
-0.15
0.02
-0.37
-0.04
0.15
-0.22
0.37
0.05
0.08
-0.03
-0.01
-0.03
-0.03
0.45
-0.39
0.08
-0.32
0.07
0.20
-0.24
0.03
-0.18
0.32
-0.25
0.08
0.16
0.20
-0.60
0.42
-0.46
0.08
-0.08
-0.20
0.06
0.27
-0.22
0.12
-0.04
-0.21
0.45
-0.39
0.12
-0.14
-0.18
0.08
-0.17
0.26
-0.44
0.33
0.08
-0.43
0.21
0.22
-0.45
0.17
0.16
-0.35
0.32
-0.20
0.02
0.15
-0.26
0.04
-0.13
-0.02
0.24
-0.37
-0.08
0.05
0.05
0.03
-0.08
-0.15
0.18
-0.04
-0.05
-0.01
0.07
0.11
0.13
0.03
-0.24
0.12
0.25
-0.23
-0.04
0.20
-0.12
0.06
0.13
-0.28
-0.39
0.05
0.10
-0.27
-0.18
0.41
-0.25
-0.09
0.29
0.27
-0.42
0.24
-0.02
-0.09
0.21
-0.47
0.33
-0.04
0.05
-0.21
0.10
-0.30
0.11
0.32
-0.05
-0.01
-0.49
0.49
-0.21
-0.20
-0.04
0.14
-0.30
0.12
0.21
0.05
0.16
-0.29
-0.07
-0.07
0.25
-0.39
0.39
-0.03
-0.05
-0.36
0.27
-0.21
0.36
-0.23
-0.12
0.07
-0.36
0.32
-0.26
0.15
0.09
-0.12
-0.07
0.08
-0.18
-0.18
0.28
-0.33
0.13
-0.16
-0.14
0.21
-0.15
-0.03
0.17
-0.25
0.04
0.01
-0.17
0.44
-0.11
-0.22
0.08
-0.51
0.24
-0.07
0.36
-0.34
0.06
-0.06
-0.00
-0.24
0.32
-0.33
0.06
-0.08
-0.25
0.02
-0.10
0.25
0.08
0.02
0.14
-0.17
0.05
0.38
-0.37
0.23
-0.38
0.10
0.17
-0.40
0.02
0.05
-0.23
0.19
-0.05
-0.19
0.39
-0.32
0.10
-0.45
0.08
0.20
0.24
0.14
-0.22
0.18
0.16
-0.34
0.12
0.51
-0.41
0.16
-0.50
0.23
-0.46
-0.04
0.40
0.40
-0.12
-0.14
0.26
-0.26
0.17
0.05
-0.32
0.28
0.47
-0.06
-0.27
-0.27
0.67
-0.15
-0.04
0.22
-0.11
-0.17
0.36
-0.35
0.00
-0.16
-0.23
0.22
-0.16
-0.01
-0.11
0.12
0.22
-0.22
0.04
0.41
0.03
-0.23
0.33
0.09
-0.22
-0.11
-0.05
-0.01
-0.21
0.39
-0.10
-0.10
0.16
0.36
-0.52
0.13
0.17
-0.43
0.11
0.41
-0.28
0.03
0.09
-0.15
-0.46
0.48
-0.31
0.33
0.18
-0.31
-0.04
0.11
-0.23
-0.08
0.20
0.06
0.04
-0.25
0.01
-0.11
0.15
-0.14
0.06
-0.01
-0.01
-0.05
0.02
0.01
-0.20
-0.29
0.13
-0.28
0.27
-0.18
-0.07
-0.05
0.09
-0.00
0.13
-0.05
0.30
0.00
-0.04
-0.12
-0.32
0.00
0.14
-0.06
0.06
0.21
-0.27
0.28
-0.20
0.33
-0.22
-0.22
0.07
-0.22
0.25
-0.22
-0.02
0.08
-0.20
0.01
0.05
-0.13
0.42
-0.26
0.05
-0.03
-0.37
0.38
-0.25
0.03
0.18
-0.13
0.02
-0.07
0.06
0.22
-0.53
0.20
-0.31
0.01
0.36
-0.53
0.16
-0.06
0.04
-0.13
0.40
-0.31
0.08
0.64
-0.64
0.26
-0.17
-0.23
0.47
-0.17
0.32
-0.22
0.01
0.17
-0.14
0.07
0.30
-0.58
0.27
-0.11
-0.04
-0.01
0.17
-0.46
0.39
-0.02
-0.05
-0.07
-0.04
0.48
-0.56
0.20
-0.18
0.01
-0.22
0.32
-0.23
0.03
0.30
-0.25
-0.01
0.14
0.32
-0.41
0.11
-0.40
-0.43
0.09
-0.02
-0.13
0.32
-0.09
-0.07
-0.21
0.05
0.34
-0.46
0.14
0.36
-0.11
0.11
-0.22
0.10
-0.17
0.12
0.05
-0.11
0.12
0.10
-0.41
0.30
-0.14
-0.10
0.02
-0.02
0.02
0.18
0.04
-0.06
0.07
-0.08
0.11
0.04
0.12
-0.08
0.42
-0.24
-0.07
-0.17
-0.01
0.15
0.08
-0.01
-0.06
-0.42
0.46
-0.13
-0.13
-0.01
0.04
-0.09
-0.01
0.23
0.11
-0.14
0.03
0.24
-0.36
0.37
-0.43
-0.21
0.63
-0.37
-0.27
0.27
-0.23
0.06
0.37
-0.45
0.46
-0.76
0.44
0.24
-0.22
-0.22
0.59
-0.60
-0.04
0.05
0.13
-0.01
-0.26
0.05
-0.00
-0.01
-0.37
0.28
0.01
-0.09
0.10
0.10
0.13
-0.06
0.54
-0.28
0.04
-0.33
-0.27
0.37
-0.33
0.23
0.07
0.01
-0.19
0.02
-0.28
0.59
-0.52
-0.17
0.16
-0.20
-0.06
-0.26
0.35
-0.05
-0.23
0.20
-0.13
0.08
0.62
-0.29
0.10
-0.36
-0.14
0.63
-0.22
0.04
-0.02
-0.05
-0.09
-0.04
-0.07
0.33
-0.32
0.28
-0.44
-0.10
0.23
-0.36
0.31
-0.00
-0.03
0.01
-0.03
-0.10
0.38
-0.45
0.12
-0.29
0.32
-0.26
-0.05
0.39
-0.31
0.02
0.32
-0.14
-0.39
0.70
0.70
-0.52
-0.03
-0.24
-0.19
-0.12
-0.00
0.24
-0.31
0.25
0.09
-0.25
-0.09
0.43
-0.21
0.02
-0.18
-0.39
0.15
0.17
-0.45
0.52
0.15
-0.42
-0.03
0.07
0.16
-0.18
0.02
0.20
-0.08
0.23
-0.38
0.15
0.05
-0.20
0.27
-0.09
-0.06
0.21
-0.32
-0.03
-0.12
-0.06
-0.03
0.01
-0.07
0.14
0.16
-0.11
-0.22
0.14
0.15
0.14
-0.08
0.22
-0.11
0.04
-0.21
-0.02
0.10
0.04
0.02
-0.03
-0.08
0.16
0.03
-0.22
0.31
0.13
-0.24
-0.24
-0.08
0.16
-0.02
0.13
0.07
0.31
-0.33
0.25
-0.09
-0.27
0.19
-0.17
0.07
0.07
-0.12
0.18
-0.01
-0.43
0.30
-0.34
0.06
0.00
-0.11
0.08
0.02
0.02
-0.10
-0.12
0.22
-0.13
-0.04
0.02
-0.63
0.62
-0.30
-0.14
-0.07
0.01
-0.21
-0.06
0.31
0.36
0.13
-0.23
0.14
-0.24
0.21
-0.08
0.06
0.01
0.17
-0.38
0.11
-0.34
0.48
-0.26
-0.08
-0.38
0.02
0.10
-0.01
-0.28
0.26
-0.25
-0.17
-0.03
-0.13
0.45
-0.31
0.29
0.29
-0.18
-0.21
0.34
-0.46
0.02
0.45
-0.38
0.03
0.17
-0.15
0.34
-0.29
-0.03
-0.13
-0.34
0.41
-0.55
0.38
-0.08
0.05
0.08
0.03
-0.15
0.35
-0.28
0.19
-0.10
-0.21
0.20
-0.11
-0.03
-0.07
-0.02
0.14
0.04
-0.34
0.38
-0.41
0.13
-0.31
0.06
0.18
0.35
0.15
-0.12
0.23
0.09
-0.51
0.30
0.20
-0.26
0.40
-0.22
-0.07
0.21
-0.16
-0.40
0.28
-0.17
0.45
-0.31
-0.13
0.41
-0.50
0.28
-0.15
-0.03
0.08
-0.13
-0.10
0.11
0.08
0.06
-0.09
-0.28
0.41
-0.25
-0.25
0.02
-0.22
0.10
0.14
-0.21
0.21
-0.16
0.01
-0.06
-0.06
0.36
-0.14
-0.13
0.07
0.41
-0.52
-0.22
0.03
0.18
0.28
-0.27
0.26
-0.20
0.04
0.09
-0.10
-0.13
0.25
-0.23
0.13
0.05
-0.05
-0.08
-0.08
0.01
-0.12
-0.26
0.25
-0.11
-0.47
0.48
-0.19
-0.21
0.11
0.16
-0.21
0.04
0.09
-0.26
-0.41
0.86
-0.26
0.02
-0.01
-0.25
0.10
-0.01
0.05
-0.18
0.00
-0.49
0.16
-0.31
0.28
-0.29
0.20
0.03
0.03
-0.29
0.15
-0.05
0.02
0.07
0.40
-0.44
0.00
-0.14
0.30
-0.43
0.28
0.11
-0.36
0.12
-0.00
-0.39
0.43
-0.05
-0.34
-0.06
0.17
0.01
-0.36
0.34
0.05
-0.15
0.16
-0.23
-0.28
0.49
-0.30
-0.04
0.08
-0.22
0.08
-0.05
-0.05
0.17
-0.05
0.08
0.09
-0.17
0.46
-0.35
0.05
0.07
-0.40
0.37
-0.44
-0.07
0.21
-0.12
0.03
-0.07
-0.06
0.31
-0.29
0.00
-0.14
0.40
-0.02
-0.29
0.09
-0.11
-0.15
0.16
0.04
-0.08
0.02
0.23
-0.54
0.67
-0.81
0.08
0.38
-0.39
0.52
0.31
-0.65
0.36
0.14
-0.52
0.64
-0.40
0.16
-0.02
-0.22
-0.27
0.08
-0.13
0.12
-0.02
-0.03
-0.50
0.17
0.47
-0.39
0.17
-0.41
-0.00
-0.25
0.24
0.04
-0.04
0.02
0.12
-0.10
-0.37
0.52
-0.40
0.11
0.26
-0.28
0.05
0.27
-0.20
0.10
-0.03
-0.05
-0.02
-0.10
0.26
-0.35
0.09
-0.04
-0.40
0.42
-0.22
0.07
0.21
0.15
0.15
-0.03
0.02
-0.10
0.15
0.06
-0.32
0.15
0.21
-0.49
0.19
-0.06
-0.11
-0.07
-0.06
0.08
-0.10
-0.13
-0.19
0.22
-0.40
0.38
0.40
-0.70
0.24
0.28
-0.45
0.06
0.11
-0.82
0.55
-0.08
-0.17
0.15
-0.42
0.14
-0.01
0.03
0.20
-0.13
-0.19
-0.13
-0.01
0.28
-0.57
0.35
0.20
-0.04
-0.06
-0.34
0.18
-0.27
0.22
-0.37
0.06
-0.13
-0.16
-0.03
-0.02
0.21
-0.09
-0.06
0.04
-0.06
0.50
-0.05
-0.13
-0.13
0.11
-0.17
0.21
-0.22
-0.12
0.12
0.09
-0.14
0.06
-0.05
0.36
-0.38
0.02
-0.16
-0.36
0.43
-0.09
-0.37
0.22
-0.13
0.06
-0.23
0.02
0.15
0.38
-0.51
0.31
-0.25
0.06
0.17
-0.09
-0.05
0.02
-0.26
0.11
-0.09
-0.03
0.14
-0.32
0.15
-0.24
0.24
-0.26
-0.18
-0.04
-0.37
-0.04
0.24
0.09
0.08
-0.10
0.01
-0.20
-0.11
0.05
0.14
0.02
0.35
-0.28
0.06
-0.15
-0.03
0.45
-0.44
0.22
-0.20
-0.24
0.34
-0.28
0.26
-0.15
-0.19
0.34
0.34
0.09
-0.31
0.33
-0.34
0.03
-0.23
-0.19
-0.32
0.28
-0.21
0.23
0.07
0.03
-0.14
0.10
0.24
-0.32
0.09
-0.00
0.09
-0.30
-0.10
-0.06
0.16
-0.17
0.06
0.01
-0.25
0.45
-0.03
-0.49
0.20
0.10
0.08
-0.24
0.16
0.08
-0.27
0.09
0.02
-0.22
0.33
0.06
-0.21
-0.03
0.04
-0.16
0.05
0.15
-0.03
-0.17
0.15
-0.06
-0.26
0.14
-0.30
0.39
-0.02
-0.21
0.19
-0.27
-0.05
0.12
-0.02
-0.07
0.04
0.28
-0.35
0.15
0.12
-0.16
-0.02
0.07
-0.21
0.15
0.09
0.09
-0.19
-0.25
-0.11
-0.07
0.07
-0.12
0.10
-0.02
-0.10
0.03
-0.09
0.08
0.09
0.40
-0.50
0.18
-0.32
0.25
0.20
-0.17
-0.06
0.19
-0.31
0.20
-0.41
0.22
0.20
-0.46
0.23
-0.38
0.34
-0.35
0.34
-0.65
0.12
0.31
-0.20
0.03
0.07
-0.01
-0.04
-0.14
-0.17
0.21
0.02
-0.12
0.23
-0.24
-0.16
-0.12
-0.42
0.31
-0.08
-0.16
-0.19
-0.17
0.47
-0.21
-0.65
0.35
-0.06
0.02
-0.08
-0.02
-0.02
0.45
-0.15
-0.01
-0.17
-0.12
0.26
-0.07
0.21
-0.03
-0.06
-0.09
0.02
0.05
0.22
-0.24
0.07
-0.22
-0.45
0.44
-0.56
-0.13
0.09
0.03
-0.11
0.33
-0.32
0.54
-0.41
-0.07
-0.06
0.11
0.11
0.17
-0.18
0.04
-0.08
-0.19
0.39
-0.12
0.19
-0.35
0.03
-0.10
-0.02
-0.55
0.61
-0.11
-0.36
-0.05
0.38
-0.21
-0.06
0.27
-0.16
-0.11
-0.10
-0.03
0.03
-0.16
-0.33
0.48
0.20
-0.38
0.28
-0.29
0.30
-0.12
0.03
-0.21
0.11
-0.26
-0.26
-0.07
0.67
-0.57
0.10
-0.08
0.02
-0.19
0.27
0.08
-0.20
-0.24
0.03
0.02
0.11
0.06
-0.19
-0.19
0.17
-0.12
0.14
0.17
-0.03
0.24
-0.10
-0.16
0.09
0.00
0.03
-0.01
0.02
-0.02
-0.13
-0.49
0.29
0.11
-0.04
-0.25
-0.11
0.17
0.26
-0.19
0.02
-0.20
0.21
0.51
-0.44
0.18
0.16
-0.20
-0.14
0.08
0.06
0.01
-0.38
0.09
0.05
-0.06
-0.06
-0.23
0.36
0.06
-0.27
0.13
-0.28
0.07
0.14
0.09
-0.03
0.08
-0.03
0.02
0.01
-0.58
0.33
-0.01
0.27
-0.31
-0.00
-0.06
-0.09
0.09
0.06
-0.17
-0.28
0.10
-0.28
0.33
-0.09
-0.11
-0.47
0.30
0.14
0.11
-0.20
0.32
0.16
-0.12
-0.17
-0.02
0.27
-0.25
0.31
-0.13
-0.16
-0.03
-0.16
-0.12
0.31
-0.31
-0.03
0.19
-0.34
-0.01
-0.02
0.22
-0.05
0.05
0.04
0.07
-0.25
0.46
-0.32
-0.22
0.01
-0.13
0.34
-0.24
-0.41
0.03
-0.03
0.05
0.01
-0.09
0.51
-0.28
-0.19
0.32
-0.15
-0.15
-0.07
-0.27
-0.20
0.29
0.18
-0.11
-0.19
-0.11
0.27
-0.28
0.10
-0.44
0.11
-0.22
0.28
-0.20
-0.12
-0.01
0.25
-0.25
0.19
0.11
-0.21
0.01
-0.17
-0.18
0.07
-0.25
-0.04
0.50
-0.17
-0.18
0.29
-0.37
0.26
-0.07
-0.22
0.26
-0.07
0.01
0.07
0.11
-0.16
-0.06
0.11
-0.21
0.14
0.56
-0.60
-0.29
0.41
-0.01
-0.17
-0.19
0.32
-0.11
-0.27
0.33
-0.18
0.06
0.43
0.47
0.10
-0.16
-0.02
-0.28
-0.18
0.46
-0.66
0.29
0.46
-0.79
0.41
0.10
0.28
-0.30
0.06
-0.16
-0.27
0.17
0.17
0.53
-0.29
-0.18
-0.04
0.06
-0.28
0.05
-0.24
0.18
0.11
-0.13
-0.02
-0.05
0.27
-0.17
-0.11
0.02
-0.34
-0.55
0.74
-0.16
-0.24
0.20
-0.13
-0.12
0.11
-0.00
0.04
0.36
-0.35
0.04
-0.04
-0.01
-0.03
0.08
-0.02
-0.02
0.06
-0.08
-0.06
-0.02
0.02
-0.09
-0.16
0.12
0.04
-0.37
0.36
-0.12
0.07
0.10
-0.18
-0.09
0.14
0.14
-0.30
0.18
-0.23
0.12
-0.13
0.18
-0.34
-0.04
0.18
-0.01
-0.01
0.00
0.14
0.30
-0.40
0.06
-0.25
0.33
-0.09
0.03
0.01
-0.21
-0.01
0.08
-0.36
0.07
0.14
-0.21
-0.04
-0.33
0.22
0.03
-0.18
0.11
0.01
-0.03
0.19
-0.31
0.13
0.03
-0.04
-0.10
0.06
0.06
-0.22
0.02
-0.09
0.02
-0.20
0.10
-0.14
0.38
-0.36
0.23
-0.42
-0.01
-0.01
-0.38
0.33
-0.03
-0.05
0.17
-0.22
-0.02
0.46
-0.43
-0.05
-0.19
0.22
0.08
-0.14
0.10
-0.22
0.04
0.14
-0.01
0.04
0.04
0.24
-0.47
0.26
0.02
-0.03
0.03
-0.03
-0.04
-0.02
-0.17
0.28
-0.30
0.20
0.01
-0.16
-0.31
0.17
0.05
-0.59
0.56
-0.31
0.10
0.26
-0.15
-0.16
0.12
0.47
-0.25
0.07
0.40
-0.31
0.30
-0.30
-0.09
-0.12
-0.17
0.20
0.04
-0.03
0.25
-0.20
-0.26
0.19
-0.00
-0.04
-0.13
0.11
-0.16
0.19
0.03
-0.16
-0.53
0.24
0.13
-0.14
0.19
0.11
-0.38
0.24
-0.14
-0.07
0.13
0.04
-0.01
-0.01
-0.28
0.19
-0.09
-0.23
0.18
-0.19
0.04
-0.02
0.06
-0.06
-0.09
0.10
0.22
-0.39
0.09
0.00
0.24
0.08
-0.27
-0.01
0.17
-0.50
0.32
-0.10
-0.29
0.34
-0.43
-0.14
0.33
-0.21
-0.29
0.27
-0.24
-0.30
-0.43
0.45
0.22
-0.29
-0.08
-0.07
0.20
-0.01
-0.49
0.39
0.34
-0.36
0.18
-0.19
0.35
-0.55
0.26
-0.16
-0.39
0.26
-0.22
-0.10
-0.03
0.08
0.01
0.08
0.07
0.17
0.07
-0.02
-0.33
0.24
0.13
-0.35
0.38
-0.08
-0.29
0.28
-0.17
0.02
-0.20
0.42
-0.37
0.07
-0.23
-0.12
0.15
-0.25
0.13
0.06
-0.03
-0.07
0.13
-0.20
0.38
-0.33
0.14
-0.44
0.16
0.09
0.22
0.03
-0.07
-0.04
0.14
-0.13
-0.03
0.49
-0.24
-0.12
-0.20
0.31
0.15
-0.08
-0.35
0.35
-0.09
-0.49
0.45
-0.18
0.08
0.08
0.01
-0.62
-0.10
-0.08
-0.10
0.14
-0.01
-0.36
0.29
-0.24
0.01
0.54
-0.19
-0.20
0.13
0.09
-0.14
0.19
-0.17
-0.29
0.12
-0.02
0.03
0.05
0.28
-0.39
-0.31
0.28
0.35
-0.38
0.01
-0.15
0.03
-0.02
0.17
-0.02
0.04
0.13
0.37
0.10
-0.35
0.15
0.26
-0.28
0.11
0.14
-0.28
-0.04
0.21
-0.19
-0.38
-0.06
-0.01
-0.02
0.11
-0.21
0.11
0.04
-0.27
0.11
0.19
-0.11
0.27
-0.30
0.22
-0.15
0.11
0.17
-0.46
0.15
-0.16
0.12
0.04
-0.06
-0.05
0.04
-0.37
0.03
-0.02
0.19
-0.38
0.64
-0.44
-0.05
0.17
0.09
-0.05
-0.07
-0.13
-0.21
0.47
-0.18
-0.14
-0.26
-0.25
0.34
0.03
-0.02
0.22
0.08
0.08
-0.21
-0.07
-0.06
0.04
-0.14
0.07
0.19
-0.12
-0.05
-0.21
0.13
0.14
-0.31
0.05
-0.21
0.00
0.08
-0.25
0.09
0.07
-0.36
0.14
0.05
-0.20
0.34
-0.06
0.14
-0.26
0.25
-0.08
-0.05
0.11
0.01
-0.14
-0.04
0.15
-0.31
0.16
0.12
-0.34
-0.10
-0.06
0.27
-0.18
-0.51
-0.23
0.11
-0.18
0.15
0.01
0.15
0.23
-0.32
0.17
-0.04
-0.08
-0.04
0.20
-0.15
-0.29
-0.10
0.20
-0.19
0.25
0.06
-0.24
-0.23
0.04
-0.07
0.01
-0.03
0.02
0.02
-0.20
0.06
-0.08
-0.05
0.54
-0.35
0.09
-0.29
-0.19
0.16
0.08
-0.29
0.03
0.02
-0.07
0.08
-0.09
0.24
-0.28
0.12
0.13
-0.02
-0.04
-0.07
0.14
0.06
-0.17
0.06
0.07
-0.40
0.81
-0.34
-0.13
-0.03
0.02
-0.13
0.05
-0.03
-0.20
0.23
0.04
-0.10
-0.00
0.30
0.06
0.29
-0.04
-0.26
0.48
-0.62
0.01
0.41
-0.70
0.52
-0.05
-0.18
0.18
-0.14
0.14
-0.13
0.12
-0.18
-0.18
-0.12
0.15
0.15
-0.27
0.16
0.13
-0.47
-0.17
0.24
0.05
0.02
0.07
-0.07
0.06
-0.03
0.01
0.02
-0.28
0.10
-0.18
0.19
-0.23
-0.00
0.28
-0.21
0.18
0.06
-0.20
-0.07
-0.07
-0.32
-0.14
0.18
0.30
-0.63
0.36
-0.12
-0.20
0.12
0.02
0.20
0.24
-0.13
-0.07
0.27
-0.82
0.50
0.22
-0.21
-0.04
0.27
-0.48
0.01
0.03
0.28
-0.14
-0.06
-0.16
-0.21
0.39
-0.68
0.61
-0.02
-0.39
0.37
0.15
-0.36
0.75
-0.31
-0.29
0.02
0.02
-0.36
0.38
-0.14
0.23
-0.15
-0.12
-0.10
-0.00
-0.07
0.20
0.05
0.14
-0.69
-0.15
0.52
0.08
-0.08
0.30
-0.16
0.03
0.03
-0.19
0.17
-0.19
0.04
-0.27
0.24
-0.01
-0.33
0.13
-0.19
-0.03
0.00
-0.00
-0.15
0.40
-0.31
-0.04
-0.15
-0.07
-0.01
-0.22
0.04
-0.05
0.26
-0.12
-0.32
0.32
-0.07
-0.04
0.30
-0.50
0.21
-0.37
-0.20
0.47
-0.40
0.17
0.16
-0.29
0.08
0.45
-0.64
0.11
0.13
-0.27
-0.27
0.16
-0.01
-0.42
0.16
0.53
-0.15
-0.48
0.57
0.08
-0.27
-0.49
0.33
-0.31
-0.02
0.13
-0.22
-0.17
0.07
-0.27
0.19
0.07
-0.17
0.23
-0.76
0.37
0.12
-0.23
0.10
0.24
-0.11
0.01
-0.01
-0.01
-0.01
0.18
-0.08
0.02
0.08
-0.11
-0.05
-0.14
0.18
-0.16
0.06
0.14
-0.21
-0.50
0.35
0.10
-0.22
0.18
0.06
-0.25
0.17
-0.11
-0.13
0.09
-0.03
-0.14
-0.14
0.21
-0.33
0.25
-0.06
-0.14
-0.24
0.32
-0.19
0.20
0.18
-0.45
0.18
-0.28
0.38
-0.41
0.20
0.27
0.27
-0.65
0.30
0.20
-0.20
-0.04
0.15
-0.19
-0.27
-0.23
0.30
-0.03
-0.24
0.32
-0.11
0.06
-0.08
-0.04
0.10
0.27
-0.28
0.03
-0.09
-0.03
-0.15
0.23
-0.08
0.12
-0.02
0.02
-0.08
0.25
-0.25
0.11
-0.33
0.11
0.16
-0.29
0.34
-0.09
-0.09
-0.12
-0.02
-0.10
0.34
-0.30
0.28
-0.29
-0.11
0.22
-0.30
0.26
-0.11
0.02
0.01
-0.28
-0.02
0.26
-0.16
0.01
-0.45
-0.06
0.81
-0.63
-0.03
-0.06
-0.18
-0.29
0.31
-0.12
-0.13
0.44
-0.35
-0.35
-0.25
0.03
0.29
-0.03
0.01
-0.08
-0.13
0.35
-0.31
-0.04
0.43
-0.17
-0.04
-0.47
-0.05
-0.46
0.01
0.13
-0.13
0.07
0.15
-0.38
-0.11
0.21
0.08
-0.15
-0.21
0.05
-0.17
-0.12
0.19
-0.04
0.03
0.05
-0.07
-0.13
0.40
-0.26
-0.05
0.03
-0.07
-0.05
-0.06
-0.11
-0.02
0.13
-0.08
0.00
-0.12
0.43
-0.37
-0.09
0.18
0.03
-0.12
0.04
-0.07
0.10
-0.09
-0.12
-0.01
0.03
0.39
-0.14
0.06
0.01
0.01
0.02
-0.08
0.02
0.05
-0.08
0.11
-0.17
0.04
-0.22
0.27
-0.61
0.35
-0.17
0.19
-0.26
0.02
0.39
-0.24
-0.05
0.00
-0.08
0.01
0.00
-0.18
0.07
0.04
-0.25
0.14
0.14
-0.18
-0.05
-0.08
-0.20
0.40
-0.73
0.31
-0.12
-0.12
0.21
0.14
-0.23
0.12
-0.09
0.06
0.01
-0.01
-0.34
-0.00
0.31
-0.52
0.02
0.28
-0.06
-0.13
0.20
-0.00
0.39
-0.13
-0.31
0.12
-0.28
-0.28
0.34
-0.28
0.07
-0.04
0.04
-0.11
0.18
-0.22
0.45
-0.19
-0.25
0.02
-0.18
0.42
-0.39
0.01
0.40
-0.24
0.04
0.15
-0.07
0.43
-0.06
-0.15
-0.44
0.02
0.39
-0.56
0.35
0.07
0.27
-0.39
0.17
-0.02
0.02
-0.03
0.17
-0.55
0.30
0.56
-0.66
-0.13
0.01
-0.29
0.21
-0.09
-0.26
0.39
-0.31
-0.13
-0.08
0.06
-0.14
-0.13
0.16
-0.24
0.14
-0.21
0.25
-0.33
0.40
-0.10
0.09
-0.41
0.12
0.14
0.21
0.06
-0.04
-0.04
-0.10
-0.04
-0.04
0.40
0.40
-0.30
-0.02
-0.26
-0.09
0.00
-0.00
0.03
0.02
-0.09
-0.14
0.04
-0.04
0.33
-0.15
0.07
-0.03
0.04
0.11
0.04
-0.38
0.31
0.13
-0.35
0.01
0.03
0.34
-0.24
-0.03
0.17
-0.36
0.25
-0.25
0.29
-0.04
-0.55
-0.13
0.42
0.29
-0.13
-0.57
0.41
-0.17
0.18
0.39
-0.45
-0.03
-0.08
-0.10
-0.01
0.09
0.23
0.38
-0.01
-0.43
0.20
0.08
-0.18
-0.06
0.17
0.09
-0.28
0.25
-0.20
0.03
-0.29
0.07
0.14
-0.27
0.07
0.18
-0.02
0.03
-0.20
0.08
0.15
-0.03
-0.21
-0.24
0.22
-0.12
-0.10
0.09
-0.04
-0.02
-0.07
0.22
-0.23
0.02
-0.09
-0.09
-0.05
0.27
-0.46
0.29
0.16
-0.39
0.28
0.04
-0.05
0.29
-0.06
-0.42
-0.04
-0.40
0.78
-0.31
-0.29
0.17
-0.13
0.04
0.08
0.03
-0.03
0.34
-0.36
-0.01
-0.14
0.23
-0.30
0.37
-0.20
-0.00
-0.23
-0.08
-0.12
0.17
-0.24
-0.07
-0.12
0.03
0.11
-0.20
-0.20
-0.20
0.19
0.26
-0.23
0.14
-0.02
0.39
-0.35
0.24
-0.71
0.42
0.30
-0.68
0.29
0.10
0.07
0.26
-0.16
-0.15
0.40
-0.35
0.32
-0.39
0.12
0.12
-0.29
-0.13
-0.03
-0.03
0.03
-0.05
-0.08
0.48
-0.77
0.45
-0.20
-0.26
0.23
-0.33
0.44
0.00
0.10
0.01
-0.15
-0.36
0.49
0.05
-0.17
0.07
-0.02
0.10
0.17
-0.26
0.11
-0.12
-0.06
-0.08
-0.64
1.03
-0.28
-0.32
0.23
0.10
-0.07
-0.20
0.02
0.09
-0.14
0.08
0.08
-0.35
0.47
-0.48
-0.48
0.14
-0.49
0.22
-0.01
-0.09
-0.06
0.31
0.06
-0.29
-0.15
0.16
0.42
-0.35
0.46
-0.26
0.06
0.33
-0.07
-0.28
0.10
0.00
-0.19
-0.27
0.22
0.02
0.10
-0.10
0.16
-0.14
-0.06
0.07
0.08
-0.04
-0.03
-0.00
0.06
-0.11
0.11
-0.20
0.15
0.10
-0.17
0.04
0.04
0.03
-0.10
0.01
0.06
0.32
-0.45
0.19
-0.05
0.04
-0.07
-0.00
-0.04
-0.14
0.14
-0.09
-0.04
0.08
-0.15
0.14
-0.44
0.45
-0.39
0.01
0.08
-0.09
-0.06
0.23
0.05
0.19
0.03
-0.25
0.13
-0.14
-0.14
0.06
0.25
-0.47
0.13
0.06
-0.21
-0.12
0.27
-0.19
-0.02
0.00
-0.31
0.47
-0.45
0.30
-0.08
-0.04
-0.16
0.48
-0.46
0.12
0.43
-0.48
-0.11
0.06
-0.06
-0.15
0.32
-0.09
0.06
0.03
0.06
-0.11
0.49
-0.44
0.11
-0.12
-0.46
0.40
-0.23
0.12
0.13
-0.13
0.02
-0.02
-0.02
0.20
-0.13
-0.10
0.00
-0.07
-0.24
-0.10
0.15
-0.38
0.02
0.16
-0.10
0.06
-0.11
0.32
-0.34
0.17
-0.44
0.05
0.33
-0.13
0.42
0.33
-0.54
0.21
-0.12
-0.07
0.59
-0.54
0.18
-0.17
0.07
-0.34
-0.10
-0.23
-0.11
0.23
0.14
-0.27
0.13
0.02
-0.37
0.08
-0.28
0.03
-0.19
0.13
0.18
-0.17
0.05
0.09
-0.19
-0.01
0.28
-0.37
0.22
0.23
-0.05
0.10
0.03
0.01
-0.08
-0.20
0.25
-0.08
-0.04
0.37
-0.49
0.03
-0.02
0.00
0.02
-0.07
0.10
0.20
-0.29
-0.04
0.15
0.04
0.04
0.22
-0.46
-0.06
0.38
-0.24
0.14
-0.12
-0.06
0.17
-0.05
0.05
-0.24
-0.21
-0.44
0.11
0.08
-0.22
0.09
0.04
-0.06
-0.05
-0.13
0.05
0.23
-0.03
-0.34
0.12
-0.03
0.10
0.20
-0.41
-0.01
-0.30
0.29
-0.10
-0.09
-0.29
-0.16
-0.08
0.29
-0.17
-0.33
0.28
-0.04
0.10
-0.01
0.11
0.18
-0.06
-0.10
-0.09
-0.08
0.19
-0.18
0.09
0.11
-0.24
0.13
-0.06
-0.17
0.30
-0.09
-0.19
-0.14
-0.09
0.14
-0.09
-0.09
0.20
-0.24
-0.21
0.31
-0.07
0.02
0.07
0.30
0.00
-0.14
0.03
-0.06
-0.05
-0.11
0.12
-0.11
-0.17
-0.06
0.06
0.36
-0.19
-0.24
0.02
-0.17
0.07
-0.36
0.30
0.01
-0.40
0.18
-0.10
-0.28
0.48
0.03
-0.28
-0.04
-0.23
0.14
-0.29
0.43
-0.25
0.11
0.06
-0.12
0.00
0.15
-0.05
-0.12
-0.30
0.03
-0.11
-0.13
0.39
-0.24
0.01
0.06
0.00
-0.07
0.31
-0.11
0.17
-0.44
0.07
0.07
-0.06
-0.06
0.06
-0.18
-0.03
0.02
-0.04
0.02
0.18
-0.32
0.18
-0.36
0.02
-0.03
0.00
-0.13
0.16
-0.56
0.60
0.40
-0.57
0.76
-0.37
-0.17
-0.49
0.50
-0.22
-0.66
0.37
0.08
-0.11
0.33
-0.50
-0.11
0.54
-0.47
0.19
0.06
-0.21
-0.03
0.14
-0.33
0.11
0.03
0.18
-0.18
-0.12
0.28
0.25
0.17
-0.18
-0.13
0.01
-0.01
-0.13
0.05
0.08
0.24
-0.46
0.33
-0.19
-0.07
-0.22
0.25
0.11
0.13
-0.28
0.02
0.11
-0.08
-0.09
0.06
-0.44
-0.44
0.16
0.04
-0.07
0.12
-0.25
0.08
-0.05
0.34
-0.19
0.14
-0.30
0.16
-0.35
0.50
-0.19
-0.13
0.19
-0.09
-0.11
-0.06
0.07
-0.16
0.02
-0.30
0.25
-0.57
0.37
-0.12
-0.11
0.24
-0.23
0.06
-0.06
-0.33
0.16
0.09
-0.44
0.26
-0.30
-0.00
-0.16
0.07
-0.15
0.12
0.13
-0.28
0.00
0.08
-0.08
0.05
-0.17
0.07
0.05
-0.45
0.24
0.15
-0.07
0.18
-0.06
-0.15
0.30
-0.16
-0.16
-0.08
-0.13
0.13
-0.17
0.10
0.10
-0.29
0.06
-0.06
-0.15
0.47
-0.31
0.17
0.17
-0.01
-0.06
0.00
-0.02
-0.12
0.28
-0.27
0.09
0.01
-0.17
0.26
-0.01
-0.10
-0.14
-0.39
-0.03
0.09
0.32
0.09
-0.15
0.01
0.21
-0.34
0.32
0.09
-0.09
-0.15
-0.18
0.58
-0.21
-0.11
0.16
0.02
-0.24
-0.00
-0.08
-0.05
-0.01
-0.07
0.07
-0.23
0.27
0.04
0.06
0.01
-0.25
-0.10
0.12
-0.04
0.25
-0.11
0.05
-0.18
0.24
-0.04
0.08
-0.05
-0.04
0.06
0.05
-0.15
-0.01
0.28
-0.19
-0.05
0.15
0.00
-0.01
-0.10
-0.05
-0.05
0.13
-0.19
0.07
-0.04
0.06
0.17
0.26
-0.22
0.11
-0.02
-0.11
0.13
-0.06
-0.08
0.11
-0.03
-0.09
-0.14
-0.17
0.47
-0.66
0.29
0.22
-0.35
-0.01
0.12
-0.16
0.28
-0.15
-0.23
0.19
-0.24
0.23
-0.27
0.18
-0.07
-0.08
0.06
0.12
-0.21
-0.02
0.16
0.13
-0.29
0.09
-0.19
0.26
-0.14
-0.07
-0.00
-0.02
-0.02
0.24
-0.33
-0.11
0.06
-0.29
0.18
-0.23
0.16
-0.03
0.12
-0.10
-0.10
0.12
-0.12
-0.01
0.17
-0.31
0.01
-0.11
0.15
-0.16
-0.03
0.11
-0.04
-0.04
0.08
-0.10
0.06
0.22
-0.27
-0.01
-0.12
0.16
-0.13
-0.07
-0.04
0.07
0.08
0.19
-0.02
0.07
0.08
-0.29
0.21
-0.19
-0.13
0.03
-0.12
0.18
-0.11
-0.41
0.65
-0.69
0.44
0.37
-0.65
-0.06
-0.12
0.28
-0.40
0.10
-0.04
-0.27
0.26
0.14
-0.36
0.36
0.10
-0.07
-0.15
0.21
-0.03
-0.38
0.37
