-0.02
-0.02
-0.01
-0.02
-0.02
-0.02
-0.01
-0.02
-0.02
-0.02
-0.02
-0.02
-0.01
-0.02
-0.02
-0.02
-0.02
-0.02
-0.02
-0.02
-0.02
-0.02
-0.02
-0.02
-0.02
-0.02
-0.02
-0.02
-0.02
-0.02
-0.02
-0.02
-0.02
-0.01
-0.01
-0.02
-0.02
-0.02
-0.02
-0.02
-0.02
-0.03
-0.02
-0.02
-0.02
-0.02
-0.02
-0.02
-0.02
-0.02
-0.01
-0.02
-0.02
-0.02
-0.02
-0.01
-0.02
-0.02
-0.02
-0.02
-0.02
-0.02
-0.03
-0.03
-0.02
-0.02
-0.01
-0.01
-0.02
-0.02
-0.01
-0.02
-0.02
-0.02
-0.02
-0.02
-0.02
-0.02
-0.03
-0.02
-0.02
-0.02
-0.02
-0.02
-0.01
-0.02
-0.01
-0.01
-0.01
-0.02
-0.02
-0.01
-0.01
-0.02
-0.01
-0.01
-0.02
-0.02
-0.01
-0.02
-0.02
-0.02
-0.02
-0.02
-0.01
-0.02
-0.02
-0.02
-0.02
-0.02
-0.02
-0.02
-0.02
-0.02
-0.02
-0.02
-0.02
-0.02
-0.02
-0.02
-0.02
-0.03
-0.02
-0.01
-0.02
-0.01
-0.02
-0.01
-0.01
-0.01
-0.01
-0.01
-0.02
-0.02
-0.02
-0.02
-0.02
-0.02
-0.02
-0.02
-0.02
-0.02
-0.02
-0.02
-0.02
-0.02
-0.02
-0.01
-0.01
-0.01
-0.02
-0.02
-0.02
-0.01
-0.02
-0.02
-0.02
-0.02
-0.02
-0.02
-0.02
-0.02
-0.02
-0.02
-0.02
-0.01
-0.02
-0.01
-0.02
-0.01
-0.02
-0.02
-0.02
-0.02
-0.02
-0.02
-0.02
-0.02
-0.01
-0.01
-0.01
-0.02
-0.01
-0.01
-0.02
-0.02
-0.02
-0.02
-0.02
-0.02
-0.02
-0.02
-0.02
-0.02
-0.02
-0.02
-0.02
-0.01
-0.02
-0.02
-0.02
-0.02
-0.02
-0.02
-0.02
-0.01
-0.02
-0.02
-0.02
-0.02
-0.02
-0.02
-0.02
-0.01
-0.01
-0.01
-0.02
-0.02
-0.02
-0.02
-0.02
-0.02
-0.02
-0.03
-0.02
-0.02
-0.02
-0.02
-0.02
-0.03
-0.03
-0.03
-0.02
-0.03
-0.03
-0.03
-0.03
-0.02
-0.03
-0.03
-0.03
-0.03
-0.03
-0.03
-0.03
-0.03
-0.03
-0.03
-0.03
-0.03
-0.03
-0.04
-0.04
-0.03
-0.03
-0.03
-0.03
-0.02
-0.02
-0.01
-0.02
-0.02
-0.02
-0.01
0.00
0.02
0.01
0.02
0.01
0.01
0.01
0.03
0.03
0.02
0.02
0.02
0.02
0.02
0.01
0.01
0.01
0.01
0.02
0.00
-0.00
-0.01
-0.01
-0.01
-0.03
-0.05
-0.04
-0.04
-0.05
-0.04
-0.04
-0.05
-0.05
-0.05
-0.06
-0.05
-0.05
-0.04
-0.03
-0.03
-0.02
-0.03
-0.03
-0.03
-0.02
-0.01
-0.01
-0.01
-0.01
-0.00
0.00
0.01
0.01
0.00
0.00
0.01
0.01
0.01
0.01
0.00
0.01
0.01
0.00
-0.00
-0.00
-0.00
-0.01
-0.01
-0.01
-0.01
-0.01
-0.02
-0.03
-0.04
-0.04
-0.04
-0.04
-0.05
-0.05
-0.05
-0.04
-0.05
-0.04
-0.04
-0.04
-0.03
-0.03
-0.03
-0.03
-0.03
-0.02
-0.02
-0.01
-0.01
-0.01
-0.01
-0.00
-0.00
0.00
0.00
0.01
0.01
0.00
0.00
-0.00
0.00
0.00
0.00
-0.00
-0.01
-0.00
-0.01
-0.01
-0.01
-0.01
-0.01
-0.01
-0.02
-0.02
-0.02
-0.03
-0.02
-0.03
-0.03
-0.03
-0.03
-0.04
-0.04
-0.03
-0.04
-0.03
-0.02
-0.11
0.06
0.06
0.07
-0.21
-0.06
-0.22
0.21
-0.02
0.33
-0.03
-0.35
-0.38
0.51
0.11
1.04
1.38
-1.54
0.02
0.94
2.20
2.03
-2.06
-0.65
-1.34
-0.39
2.18
-0.05
0.45
-0.93
-0.57
1.35
0.36
0.16
0.13
-0.18
-0.56
0.36
0.17
0.28
-0.11
0.43
-0.03
-0.68
0.66
0.22
-0.39
-0.31
-0.95
0.24
-0.50
-0.24
0.78
0.43
0.47
-1.10
-0.16
-0.83
1.27
-0.58
0.07
-0.21
0.16
0.23
-0.18
-0.28
0.61
0.16
-0.21
-0.35
0.57
0.73
-0.61
-0.08
0.03
-0.18
-0.18
0.21
-0.80
0.95
0.69
-0.53
-0.97
-0.08
-0.11
-0.92
1.58
-0.62
-0.97
-0.00
0.48
0.11
0.40
-0.14
-0.08
0.17
-0.13
0.25
-0.03
-0.75
-0.01
-0.20
0.60
-1.68
1.22
1.28
-0.30
-1.03
0.02
1.25
-0.17
0.65
-0.02
0.01
-0.17
0.35
0.58
0.44
-0.44
-0.29
-1.12
-0.18
0.31
-0.68
0.39
-1.40
1.03
0.37
-0.97
0.41
0.35
0.49
1.47
-0.39
-0.93
1.64
-1.82
-1.52
0.44
-0.24
-2.25
0.97
-0.24
-1.63
-0.46
1.55
-1.24
-0.09
-0.09
1.03
-0.37
0.24
0.27
0.39
1.01
-0.32
-4.37
-2.03
1.35
-0.49
-1.10
0.50
1.89
1.82
0.74
-0.61
0.36
-0.88
0.38
-0.77
0.32
-0.22
-2.20
0.75
0.30
-1.01
-1.54
-0.73
0.72
0.72
0.76
1.07
-1.05
-0.30
2.23
-1.66
-1.21
0.35
1.59
-0.74
-1.14
-1.91
2.07
-0.60
0.24
0.38
0.65
1.09
-0.52
-0.02
0.58
1.09
0.18
0.49
-1.41
-1.38
-0.06
0.65
-1.83
-0.47
1.71
-0.38
1.02
0.66
-0.43
-0.13
0.78
0.30
-1.53
0.96
-0.07
-1.68
1.65
1.65
0.57
-1.94
-1.27
0.11
-0.08
0.07
-0.03
0.42
0.92
0.57
0.83
1.08
0.20
0.41
0.24
1.74
1.27
-1.70
-1.64
0.19
-1.62
-1.58
1.39
2.00
-0.04
-0.19
0.22
-0.27
-0.27
0.86
-1.16
0.16
0.22
-0.81
0.03
-0.83
0.07
1.71
-2.80
-1.05
-0.55
2.50
-0.47
0.29
0.18
0.15
1.04
0.90
-0.25
0.81
1.57
-0.15
0.68
-2.31
-0.45
-1.10
-1.04
0.95
-0.41
0.32
1.18
0.26
0.82
-0.13
0.53
0.16
0.17
0.20
0.50
0.16
-0.67
-1.06
0.04
-0.82
0.12
0.12
-0.15
-1.15
-1.79
-0.19
2.14
-0.58
-0.67
0.38
0.94
-0.15
1.12
1.03
-0.45
-0.42
-1.35
-0.79
0.06
-1.59
-1.46
0.63
0.20
-0.80
0.19
-0.08
0.46
0.01
0.44
0.64
0.16
0.33
1.20
-0.21
1.08
0.19
-0.06
0.44
0.48
-0.82
-1.04
0.84
0.59
-0.56
-0.76
-1.19
-1.12
0.09
1.83
-0.67
0.41
0.65
0.23
0.16
0.63
-0.48
0.41
-0.38
0.12
-0.77
-1.13
0.06
-0.61
2.24
0.09
-0.78
-1.28
0.49
0.14
-0.77
1.39
0.40
0.28
0.28
0.09
0.10
-0.81
0.79
0.04
-0.64
-0.48
-0.45
-0.13
-0.82
-0.20
-0.61
2.52
-0.12
-2.76
0.86
-1.09
0.51
-0.35
-0.40
-0.41
0.59
1.11
-0.25
1.49
-1.39
-0.13
-0.25
-0.61
0.91
-0.59
-0.66
1.40
-1.25
-0.62
1.24
0.70
-0.49
-0.92
0.17
0.23
0.48
-0.29
-0.21
0.90
0.50
0.70
0.06
-0.51
-0.27
-1.70
1.29
-0.94
0.06
0.85
-0.70
-0.38
-0.40
0.17
-0.17
-0.01
-0.09
-0.84
-0.26
0.89
0.82
0.40
0.72
0.64
0.37
0.07
0.36
-1.34
-1.34
0.24
0.80
-0.65
-0.46
0.49
0.99
-0.01
-0.99
-0.90
0.49
-0.97
-0.88
-0.19
-0.51
0.38
1.06
-0.98
0.35
0.36
0.27
-0.23
-1.17
-0.61
-0.25
0.32
-1.01
-0.34
0.47
-0.00
-0.84
0.03
1.09
-0.55
0.24
0.32
1.07
-0.27
0.05
-0.92
-0.82
0.80
-0.01
0.44
-0.59
-0.15
-1.04
-1.03
0.29
-0.85
1.06
-0.17
-0.76
0.67
-0.25
1.04
1.08
0.36
0.60
-0.74
-0.50
0.35
-0.40
-1.13
-0.45
0.71
0.06
-1.40
0.90
1.44
0.69
1.33
0.05
0.69
-0.64
-0.91
1.39
0.17
-2.29
-0.88
0.37
-3.41
0.77
-1.19
1.12
0.36
0.45
0.64
-0.45
-0.20
1.58
1.45
-2.00
-0.75
-2.35
1.32
1.00
-0.30
1.29
0.26
-0.73
1.26
1.50
-1.93
0.15
1.90
-0.12
-0.33
2.40
0.09
4.06
-2.24
0.70
0.08
1.59
0.56
-1.74
1.62
0.28
0.45
0.66
-1.54
-1.04
1.42
-1.11
1.36
0.66
0.92
-0.49
-1.44
1.71
1.01
-0.02
-1.69
2.39
-2.64
1.02
2.66
-0.93
-0.96
1.47
0.32
0.44
-2.80
0.21
2.43
2.43
-1.71
1.36
-0.82
0.80
-0.49
0.73
1.50
-0.72
-0.99
0.86
-0.25
0.34
2.31
-0.71
-0.93
-0.10
-0.93
2.09
1.68
-3.94
-0.13
0.25
0.51
0.49
-0.99
-0.03
1.43
0.25
-0.75
0.26
0.24
-1.67
1.79
-0.32
-0.66
-0.51
0.90
1.45
-0.61
-0.65
-0.47
-0.02
-0.34
-0.16
1.30
0.50
-1.75
1.62
0.37
-1.82
0.84
-0.27
-0.10
-0.73
-0.59
0.72
0.77
0.56
-0.71
-0.12
0.39
-0.09
-2.51
2.69
-0.93
0.52
0.68
-0.31
0.98
-2.28
-0.78
0.48
0.29
0.01
-0.77
0.21
0.46
0.08
0.08
-0.28
0.06
0.42
-0.57
0.01
-1.13
0.72
0.90
-0.77
0.81
1.86
-2.52
0.94
-1.05
-0.22
1.35
1.71
-1.00
-0.64
0.03
1.75
-0.31
-1.46
-0.50
-0.16
0.83
0.58
0.44
1.45
1.29
-2.26
-1.12
0.02
-0.47
-0.40
0.01
-0.43
1.58
-0.27
-1.79
0.76
0.98
-1.54
-0.99
-0.44
-1.36
2.77
1.24
0.31
0.64
-0.94
-1.71
1.40
-0.77
1.43
2.11
-2.15
1.47
-0.40
-2.44
2.12
-2.98
1.69
1.65
-0.24
2.93
0.54
-1.62
-2.41
-0.24
-0.52
-0.21
-0.87
1.35
0.34
0.34
-1.85
-0.08
0.05
0.56
-1.24
0.39
-1.63
0.63
0.32
-2.04
1.65
-0.96
-1.53
-0.13
-1.60
-0.11
1.11
1.33
0.26
1.30
-0.22
1.02
-3.33
1.89
1.17
0.02
0.24
0.62
0.62
-1.50
0.68
-0.24
0.02
1.65
0.48
0.27
-1.90
1.32
0.15
-1.70
0.27
-1.47
1.59
0.61
1.24
0.45
-1.47
-0.83
1.11
0.38
0.18
-0.49
-0.78
1.82
1.32
-0.47
-1.41
0.63
3.08
-1.09
1.45
-0.67
-1.00
-0.69
-0.34
0.70
0.68
-1.64
-2.03
-0.20
-1.23
0.03
-0.43
1.31
1.31
-0.36
-0.92
-1.82
1.58
1.02
0.06
-1.62
1.50
-1.03
-1.27
0.43
1.64
1.97
0.12
-0.28
-1.59
-0.07
0.24
2.50
-1.05
0.96
-0.91
0.04
-0.83
-0.05
0.59
-1.75
-0.86
-0.28
0.98
-1.16
0.98
0.52
-0.67
-2.32
-0.91
0.73
-0.54
1.07
2.01
-0.70
-1.07
-1.71
2.66
2.08
-1.54
1.04
-0.36
-0.57
-1.03
1.21
-0.84
-0.49
-0.58
1.60
-3.21
1.17
-0.01
-1.05
-1.69
0.56
-0.51
2.03
3.97
-2.32
-1.09
-4.42
1.80
3.54
-1.08
1.07
0.69
0.01
-0.51
-0.05
1.20
-1.44
-1.44
1.15
0.54
0.55
-2.93
-0.79
1.43
-0.69
-1.53
0.14
0.90
0.13
1.20
-1.85
-0.70
-1.18
-1.00
4.18
-0.05
-1.22
1.67
-1.72
0.56
0.59
-1.35
-1.52
1.58
1.80
-1.89
-0.88
-0.24
-1.46
0.78
-0.85
-0.64
-0.19
1.52
-0.77
0.43
-4.34
1.84
2.41
-0.16
2.35
1.73
-3.30
-0.48
0.11
-0.89
-1.80
0.39
-1.10
0.75
-1.19
1.96
-0.81
-1.80
0.22
0.47
1.26
0.93
0.37
-0.70
-1.08
-3.16
3.84
0.89
-0.32
1.89
-0.88
-1.23
0.45
1.05
1.51
0.44
0.97
-0.71
0.43
0.07
-1.35
-3.14
-3.14
-0.21
2.77
-1.81
0.95
-0.43
0.36
-2.07
-1.19
0.01
1.53
-1.56
2.21
-1.38
0.66
0.32
-0.22
-0.49
0.03
0.49
-2.01
1.17
0.08
-0.08
-1.29
-0.28
1.23
0.39
0.27
-0.67
-0.95
-0.84
1.28
3.01
-1.17
-0.78
0.78
-0.75
-0.62
0.13
-1.88
1.54
-0.53
-1.00
-1.05
0.63
-0.67
-0.72
-1.17
1.72
3.02
-0.31
-4.87
-0.13
-0.27
-1.52
0.43
4.83
-0.49
-0.50
-1.76
-1.26
-0.81
-2.64
1.31
-2.08
-1.90
-1.17
-0.70
0.02
-0.13
-0.42
0.09
2.32
1.05
0.22
-2.18
-0.68
1.43
0.11
1.70
0.08
2.03
2.03
-2.16
-1.60
0.80
-1.40
0.96
0.92
-3.02
-1.83
-0.70
2.38
-2.70
2.52
-0.76
1.38
1.36
-0.19
-2.03
-0.47
3.59
2.81
-2.20
2.90
-1.99
-1.18
-1.27
1.63
-0.47
-0.03
2.62
-3.33
-3.20
-0.13
0.03
-0.74
1.17
3.28
0.40
-1.44
-0.08
-1.15
1.82
0.29
1.35
-0.28
0.95
0.98
-2.23
-0.82
0.56
-2.23
-0.92
2.71
-0.15
-0.42
-0.05
-1.96
-0.62
2.04
1.13
-0.23
3.11
-2.88
-1.17
1.09
0.24
2.87
-1.03
2.02
-1.57
-2.57
-0.69
-4.09
-0.68
0.58
2.94
-1.13
0.89
-3.38
1.38
0.47
1.55
1.55
-0.95
3.18
-1.93
-1.48
-0.09
-0.60
