-0.01
-0.02
-0.01
-0.02
-0.02
-0.02
-0.02
-0.01
-0.02
-0.02
-0.01
-0.02
-0.02
-0.02
-0.02
-0.02
-0.02
-0.02
-0.02
-0.02
-0.02
-0.02
-0.02
-0.02
-0.02
-0.02
-0.02
-0.02
-0.02
-0.02
-0.02
-0.01
-0.02
-0.01
-0.01
-0.01
-0.02
-0.02
-0.02
-0.01
-0.01
-0.01
-0.02
-0.02
-0.02
-0.02
-0.01
-0.02
-0.02
-0.02
-0.02
-0.02
-0.02
-0.02
-0.02
-0.02
-0.02
-0.02
-0.02
-0.02
-0.02
-0.02
-0.02
-0.02
-0.02
-0.02
-0.02
-0.02
-0.02
-0.02
-0.02
-0.02
-0.02
-0.02
-0.02
-0.01
-0.02
-0.02
-0.02
-0.01
-0.01
-0.02
-0.02
-0.02
-0.02
-0.02
-0.02
-0.02
-0.02
-0.02
-0.02
-0.02
-0.02
-0.02
-0.02
-0.02
-0.02
-0.02
-0.02
-0.02
-0.02
-0.01
-0.02
-0.02
-0.02
-0.02
-0.01
-0.01
-0.01
-0.02
-0.02
-0.02
-0.02
-0.02
-0.02
-0.02
-0.02
-0.02
-0.01
-0.02
-0.02
-0.02
-0.02
-0.01
-0.01
-0.02
-0.02
-0.02
-0.02
-0.02
-0.01
-0.01
-0.02
-0.01
-0.02
-0.02
-0.02
-0.02
-0.02
-0.02
-0.02
-0.01
-0.01
-0.01
-0.01
-0.02
-0.02
-0.02
-0.02
-0.02
-0.02
-0.02
-0.02
-0.02
-0.02
-0.02
-0.02
-0.02
-0.03
-0.01
-0.01
-0.02
-0.02
-0.02
-0.02
-0.02
-0.02
-0.02
-0.02
-0.02
-0.02
-0.02
-0.01
-0.02
-0.02
-0.02
-0.02
-0.03
-0.02
-0.03
-0.01
-0.02
-0.02
-0.02
-0.02
-0.02
-0.01
-0.02
-0.02
-0.02
-0.02
-0.02
-0.02
-0.02
-0.03
-0.02
-0.02
-0.02
-0.02
-0.02
-0.02
-0.02
-0.02
-0.02
-0.03
-0.03
-0.02
-0.02
-0.03
-0.02
-0.02
-0.02
-0.03
-0.03
-0.02
-0.03
-0.03
-0.03
-0.03
-0.03
-0.03
-0.03
-0.03
-0.03
-0.04
-0.04
-0.04
-0.05
-0.04
-0.04
-0.04
-0.04
-0.03
-0.03
-0.04
-0.04
-0.03
-0.03
-0.02
-0.02
-0.00
-0.00
0.00
0.01
0.01
0.01
0.02
0.02
0.03
0.03
0.02
0.03
0.04
0.02
0.03
0.02
0.03
0.04
0.02
0.00
0.02
-0.03
0.01
0.02
-0.03
0.01
0.05
-0.09
0.01
0.01
-0.09
0.03
-0.04
-0.06
-0.00
-0.13
-0.19
-0.74
0.05
-0.14
0.14
-0.19
-0.17
0.36
0.18
0.06
-0.42
0.17
-0.81
0.16
-0.72
-0.12
0.24
-0.12
-0.10
0.62
-0.19
-0.09
-0.53
-0.36
0.90
-0.69
0.26
-0.21
-0.12
0.14
0.15
0.11
0.34
-0.07
0.10
0.32
0.15
0.78
-0.09
-0.26
-0.20
-0.33
0.00
-0.49
0.23
1.47
-0.62
-0.24
-0.26
0.95
0.14
-0.23
-0.00
-0.37
-0.32
-0.16
-0.16
0.89
0.13
0.06
-0.21
-0.20
0.06
0.83
0.05
-0.81
-0.52
-0.13
0.67
-0.44
0.31
0.21
-0.05
0.17
0.57
-0.36
-0.20
0.29
0.55
-1.02
-1.02
0.25
-0.53
0.27
-0.29
-0.28
0.28
-0.33
0.09
0.96
-0.28
0.19
-0.42
-0.35
-0.09
0.30
-0.87
0.14
-0.15
-0.22
0.36
-0.54
0.96
-0.36
0.20
-0.23
-0.18
-0.48
0.26
-0.55
-0.62
-0.22
-0.31
-0.26
0.64
0.61
-1.46
0.73
-0.01
-1.15
-0.02
0.69
-0.78
-0.02
0.27
-0.25
-0.22
0.38
0.43
0.07
-0.19
0.25
0.04
0.47
-0.01
-0.06
-0.38
0.20
-0.35
0.09
0.40
0.25
-0.56
0.35
-0.77
1.62
0.29
-0.98
-0.39
0.27
0.16
0.33
-0.93
-0.19
0.93
0.17
-0.83
0.72
0.29
-0.22
-0.06
-0.06
-0.20
0.02
-0.19
0.00
0.05
0.26
0.04
-0.53
-0.26
0.31
0.31
-0.11
-0.03
0.54
-0.60
-0.81
0.16
-0.11
1.29
-0.88
-0.33
-0.33
0.53
0.67
-0.05
-0.06
-0.17
-0.38
0.31
-0.05
0.06
-0.53
0.05
-0.57
0.29
0.20
1.48
-1.13
0.30
-0.62
-0.95
0.39
0.46
-0.18
-0.27
-0.28
0.25
-0.27
0.08
0.51
-0.41
0.54
-0.29
-0.21
-0.29
0.33
-0.20
-0.57
0.10
0.04
0.03
0.20
0.04
-0.41
0.16
-0.02
0.07
0.24
-0.09
-0.09
0.15
-0.73
0.69
-0.35
0.29
0.04
0.11
0.51
0.09
-0.76
0.15
1.04
-0.90
-0.07
0.63
-0.65
-0.66
0.11
0.87
-0.14
-0.15
0.59
-0.08
0.16
0.50
-0.21
-0.52
-0.01
0.43
0.12
-0.17
0.41
-0.16
0.49
-0.34
-0.87
1.53
-0.01
0.17
-1.07
-0.71
-0.45
0.00
0.29
0.21
-0.32
0.62
0.08
-0.51
0.32
-0.82
1.45
0.16
-2.31
0.40
-0.32
-1.01
-0.24
1.60
-0.27
-0.84
0.01
0.31
0.31
0.08
0.51
-0.66
0.26
-0.61
-0.21
0.21
-1.62
-1.51
0.83
0.83
0.37
0.11
-0.57
-1.28
-0.31
1.66
1.75
-0.86
-0.02
-1.14
1.19
0.47
0.96
0.64
1.04
-2.37
1.03
-1.44
-0.95
-1.12
-0.29
1.22
-1.25
0.80
0.38
3.08
-0.34
0.05
0.25
0.24
0.29
-0.11
-0.13
0.61
0.29
-1.68
-2.13
-0.32
-1.40
-1.06
1.26
-0.54
-0.75
1.39
0.37
1.18
-0.19
-0.76
1.02
-1.40
0.41
-0.38
1.11
0.06
0.81
0.28
0.17
0.09
-0.82
0.82
-0.32
0.71
0.46
-0.35
1.11
-1.53
-0.71
0.34
-0.53
-0.28
0.04
-2.10
-0.74
1.09
0.39
-0.20
0.31
-0.80
-0.67
1.46
0.55
-0.32
2.08
0.66
0.66
-2.38
0.19
-2.77
-2.20
0.43
1.10
1.05
0.02
-0.93
0.45
0.01
-0.30
1.58
-1.02
0.07
-1.10
-0.39
-1.72
-0.73
1.36
0.54
0.48
-1.08
-1.01
2.60
0.82
0.13
-1.01
1.28
-0.12
-2.29
-3.52
1.31
-0.14
-0.68
0.54
-1.22
2.19
0.24
-0.55
1.34
0.39
0.55
-0.09
1.53
-2.26
-3.42
0.75
-0.65
-2.14
1.48
-0.87
0.10
-0.60
-1.07
0.29
0.90
0.27
0.34
-0.08
2.84
-0.36
-0.95
-1.89
-0.03
1.28
-1.61
1.70
0.38
1.37
2.12
-1.36
0.00
1.54
0.43
-0.23
0.19
-0.40
0.91
-0.70
-0.70
-0.16
0.01
1.55
-0.78
-0.14
0.91
1.63
1.60
0.02
-2.64
-0.09
0.22
-1.66
0.72
-0.76
0.20
0.30
-0.25
-0.23
-0.09
-0.59
1.50
-0.78
1.47
-0.50
-1.85
0.28
-0.78
-0.23
-0.15
0.45
0.91
-0.84
0.18
-0.06
-1.23
0.66
0.75
1.31
-1.31
-0.97
-1.25
0.79
-0.73
-0.04
-0.40
-1.30
3.65
-1.25
0.21
0.34
0.57
0.65
-1.46
-0.84
1.25
-0.91
0.69
-0.96
-0.91
-0.56
-2.49
0.40
-0.63
-0.11
0.21
0.76
-0.24
-0.29
-0.15
0.89
0.42
-0.79
0.44
-0.29
1.86
-0.59
0.40
-0.98
-0.37
-0.37
-0.34
-0.75
-1.41
1.35
1.01
0.61
-0.06
-1.09
0.07
0.08
1.13
1.08
-0.83
-1.52
0.12
-0.26
-0.17
0.42
-0.30
0.14
-0.45
0.34
0.10
-0.99
0.11
1.88
-2.75
-1.94
0.58
-2.14
0.04
-0.38
0.02
-1.58
0.47
-1.35
0.84
0.74
1.08
-1.39
-2.01
-0.38
0.74
-1.30
-0.98
1.48
-0.97
-0.95
0.94
0.54
-1.73
0.41
-0.16
-0.72
-1.57
0.35
-2.15
0.28
-2.19
1.95
-0.57
1.52
-0.29
-1.32
0.19
2.02
0.74
-2.92
0.44
-0.48
-1.34
0.31
0.97
-0.43
0.16
0.36
-0.33
-1.01
1.86
0.22
-1.60
-0.09
-0.01
0.23
1.90
-0.12
-0.53
-0.53
-0.51
0.89
-0.44
-1.48
1.45
1.33
-2.23
-0.18
0.23
0.98
0.34
-1.48
0.86
0.15
-0.20
-1.14
-0.33
2.06
-0.55
-0.13
0.32
-0.21
-0.13
1.02
-0.18
-0.47
-0.05
0.75
-1.18
0.92
0.10
-1.17
0.42
0.21
0.57
-0.97
0.22
0.79
-1.77
1.17
-0.08
-0.90
0.42
-0.51
-0.08
-0.63
-0.64
0.58
0.29
1.21
-1.45
0.34
-0.26
-0.85
1.03
-0.80
0.06
0.07
-0.85
0.02
1.18
-0.28
0.32
0.58
-0.89
-0.09
-1.64
-0.32
0.48
-0.52
0.01
-0.76
1.68
-0.59
0.82
-0.74
-0.32
0.94
-1.12
-0.02
-0.02
-0.86
1.21
-0.02
-0.80
-0.36
-0.79
1.58
-0.08
-0.28
0.20
-3.45
1.20
0.78
-0.29
-0.09
-0.56
-0.86
0.76
0.02
1.30
-0.10
1.00
-2.73
1.19
-0.11
-0.75
0.06
-0.32
0.89
-0.07
-0.91
0.39
-0.07
0.49
-1.74
0.60
-0.86
-0.29
-0.78
-0.29
1.40
-2.34
-0.89
0.33
-1.66
0.32
-1.10
-2.72
0.10
1.15
-2.23
1.07
-0.11
-2.37
2.17
0.15
0.92
0.71
-0.84
-1.65
-1.48
-0.50
1.11
-1.15
0.57
0.47
0.72
-0.92
1.91
0.69
-0.81
-1.64
1.85
-2.27
0.45
0.85
-1.24
1.05
0.72
-1.29
0.33
-0.78
-1.11
0.83
0.83
-0.05
-0.34
-1.77
0.42
0.62
1.01
0.46
-0.59
0.17
0.38
-0.43
-0.11
0.24
0.36
-1.03
-0.36
0.11
0.27
0.09
0.37
1.13
0.72
-2.20
0.88
0.60
-0.25
-1.08
-0.75
0.47
-0.00
0.85
-0.64
0.59
-1.44
-0.94
1.49
-1.07
-0.76
1.67
-0.52
0.20
-1.52
0.96
0.63
-0.33
-0.98
-0.98
-0.36
-0.89
-0.59
1.55
1.23
-1.81
0.32
-0.88
0.88
-1.17
-1.21
2.02
-1.14
-0.41
-0.58
-0.54
1.39
0.70
0.26
0.44
-0.98
-0.01
0.15
0.62
-0.69
-0.71
-0.22
-0.43
1.97
1.34
-3.11
0.55
1.04
0.57
0.92
-1.49
-1.49
0.32
-0.84
-0.75
0.14
0.46
0.56
0.65
-1.68
-0.62
-0.56
-0.20
0.28
-0.26
-0.17
0.05
0.01
-0.44
0.60
-0.21
0.35
0.92
-0.47
-0.66
0.24
0.72
-1.62
1.21
0.21
0.41
0.52
-1.76
-0.03
0.61
1.01
-1.39
-1.19
-0.84
0.36
-0.25
0.17
-0.80
-0.19
0.72
-0.05
0.71
0.14
0.14
0.11
0.10
-0.73
1.03
-0.53
-0.46
-0.55
0.98
0.48
-1.28
0.68
-0.68
0.08
-0.80
-0.39
0.63
1.33
-1.23
0.44
0.88
-1.35
-1.73
0.36
0.03
0.37
1.54
0.41
-1.30
-0.22
0.75
-0.45
0.19
0.19
0.24
-0.50
2.89
1.65
-1.21
-1.86
-0.76
1.97
1.97
-0.25
-1.09
-1.78
-0.62
0.61
0.99
-1.16
1.45
-0.41
-1.27
2.47
-0.57
-1.14
0.05
0.30
-0.25
0.20
0.65
0.22
-0.78
0.43
0.23
-0.65
-0.46
0.59
0.07
-0.54
0.85
-1.03
-0.87
0.60
-0.44
1.18
1.40
-2.13
-1.10
1.68
-0.31
-0.64
0.61
0.85
-1.55
-0.29
1.80
0.09
1.12
-2.26
-1.56
0.77
-0.19
0.45
1.21
-0.10
1.60
0.53
-2.60
-0.23
0.36
0.35
-0.52
-0.61
-0.02
-0.19
-0.67
0.27
0.19
-0.69
0.11
0.29
-0.38
-0.02
0.35
-0.51
-1.13
0.14
0.17
1.48
-0.99
-0.99
0.03
0.67
-0.91
-1.11
-1.05
2.42
-0.91
-0.66
0.73
-0.17
-0.54
0.46
-0.40
-0.53
-0.86
1.21
-0.72
-0.58
-0.15
-0.02
-1.18
-0.69
0.97
-0.81
-0.14
-0.45
-0.22
-0.10
-0.21
0.69
1.19
-0.12
0.69
-0.06
-2.19
1.33
-0.82
1.33
0.26
-0.50
1.18
-0.27
-1.16
0.76
1.13
-1.65
-1.53
-0.07
1.90
-0.31
2.10
-1.14
-1.58
1.25
1.49
-1.76
-0.77
0.33
1.54
-1.01
-0.43
0.76
0.06
-0.80
1.10
0.95
-1.71
-0.33
1.47
-0.34
-0.35
0.46
0.01
0.08
0.07
0.21
0.41
-0.59
-0.29
-0.16
-0.19
-0.89
0.43
-0.19
-0.34
-0.34
1.64
-0.49
-0.29
-0.99
0.96
-0.86
-0.53
-0.22
-0.82
1.03
-0.60
1.81
-0.87
-0.61
0.48
-0.64
-0.37
0.05
0.40
0.05
-1.31
0.90
1.19
-0.07
-0.91
-1.40
-0.24
-0.24
0.28
1.10
1.39
0.91
-0.62
-1.68
-0.65
1.04
0.75
-1.15
0.18
-1.92
0.87
0.71
1.75
-2.56
1.26
-1.54
-0.41
0.30
-0.29
-0.66
-0.16
1.07
-0.20
0.72
-1.24
0.66
-0.19
-1.03
0.89
-0.94
0.86
-1.08
1.16
0.01
-0.14
-0.32
-0.28
0.35
-1.16
-0.57
0.88
0.07
0.12
0.47
0.43
-1.11
0.70
0.85
-1.00
0.15
0.16
-0.88
0.94
0.41
0.84
-0.80
-0.80
-0.53
0.62
0.93
-0.65
0.04
0.23
-0.96
1.38
-0.87
0.67
-0.58
1.61
-0.65
-1.77
1.50
0.58
-1.14
-0.52
0.31
-1.10
0.36
0.60
0.80
-0.52
0.34
-1.73
1.08
1.65
-0.30
0.79
-0.47
-0.33
1.32
-1.36
0.25
-0.45
-0.50
-0.02
-0.98
0.91
-1.35
0.13
0.72
-0.93
0.19
-0.20
0.20
-1.03
-0.09
0.06
0.02
1.57
0.30
-0.24
-1.28
0.96
-1.52
0.82
0.28
-1.22
0.31
0.01
0.94
-0.50
-0.12
-1.50
-0.15
0.02
0.28
-0.06
-0.40
1.13
-1.33
0.75
1.22
0.52
-0.03
-0.48
-0.48
-0.11
-1.55
-1.33
2.03
-0.75
1.47
-0.72
-0.01
-0.63
-0.83
0.35
-0.52
0.69
0.09
0.49
0.63
-1.04
-0.68
0.46
0.90
0.24
-0.63
-0.84
0.28
0.85
0.22
-1.95
0.99
1.95
-0.01
-0.31
-1.83
-0.28
1.10
-1.28
0.14
1.55
-1.26
-0.04
1.81
-0.82
-0.02
-0.98
-0.04
0.69
1.48
0.39
-0.83
-0.29
0.50
0.16
-1.30
0.26
0.58
-0.97
-1.01
-0.70
0.46
1.57
0.04
-1.48
-0.15
0.95
-1.75
0.19
0.03
0.61
1.65
-0.07
2.51
0.05
-1.26
-0.90
0.32
-1.03
-0.26
-0.36
-0.36
0.14
0.34
0.33
-1.73
0.91
0.59
0.01
0.24
-1.21
0.55
-1.71
1.30
0.96
0.76
1.12
-1.38
-0.02
0.10
-0.57
-0.07
0.80
-0.09
-0.03
0.01
-1.08
-0.60
-0.30
0.20
0.16
0.55
-0.81
0.88
-0.46
0.03
1.01
-0.52
-0.34
1.09
-1.26
-0.16
1.46
-1.27
0.54
-0.65
0.96
-0.12
0.11
0.11
-0.27
-0.78
-0.42
0.47
2.05
0.04
-1.85
2.27
-0.54
-1.70
-0.28
0.77
-1.16
-0.23
0.97
-0.93
-0.78
1.10
0.37
-0.44
-0.52
-0.30
-0.40
-0.90
-0.26
-0.11
0.76
0.92
0.92
-1.07
-0.60
0.02
0.12
-0.17
-0.00
-0.17
0.39
-0.89
0.86
0.18
-1.23
0.40
-0.18
0.67
-0.89
-0.64
-1.64
1.66
1.89
-0.68
-0.24
0.80
-0.77
-1.64
0.03
-2.98
-1.78
0.65
-1.72
-0.87
0.59
0.97
0.61
-0.54
-0.17
-0.17
0.15
0.48
0.17
0.81
-1.17
0.07
2.04
-1.63
-0.05
0.67
-1.44
1.52
-0.88
1.30
0.21
0.30
-0.47
-2.03
-0.10
0.28
0.47
0.74
0.68
-1.25
0.60
-0.42
0.65
-0.19
0.08
-0.42
-0.27
-1.13
-1.05
0.84
-0.80
0.55
0.41
0.93
-0.82
-1.82
-1.82
1.09
-0.96
-1.28
0.73
2.50
0.06
-1.19
-1.73
-0.06
0.44
-0.56
-0.64
1.40
0.30
0.93
0.39
0.94
0.34
-0.65
-1.02
-0.13
-0.83
0.27
-0.87
0.91
-0.87
-1.04
-0.80
0.65
-1.30
-0.48
-0.13
-0.18
0.02
2.57
-1.85
-1.05
2.07
0.52
-0.72
-0.81
0.43
0.51
0.07
0.08
0.55
-0.16
-0.15
1.36
-0.87
-0.65
-0.62
0.40
0.93
0.46
-0.95
-0.33
2.07
-1.06
-0.10
-1.69
0.44
-0.27
0.30
0.54
-0.43
-1.34
1.35
0.46
-0.13
-0.46
0.36
-1.88
-0.86
-0.38
0.38
-0.32
2.57
2.57
-0.61
-1.72
-1.68
1.14
0.94
-1.74
-1.05
2.18
2.82
-1.70
-0.71
-1.80
0.77
-1.36
-0.11
1.23
-1.77
0.15
2.15
0.74
0.26
-0.97
-1.41
1.06
0.18
-1.89
0.29
0.92
0.15
0.59
-1.55
0.44
-0.06
1.50
-1.23
1.15
1.79
-0.18
0.68
-1.65
-0.16
3.34
-0.63
-1.45
0.18
0.59
1.72
-1.10
-0.14
1.08
-1.12
-0.71
2.05
-0.41
-0.93
0.34
-1.47
0.37
2.09
0.57
-0.44
0.15
0.41
-0.68
0.23
-0.90
-0.71
-0.68
-0.72
-2.25
0.68
1.54
-0.76
-1.48
1.16
0.21
-2.86
1.09
0.71
-0.50
0.48
1.89
-1.04
0.16
-1.41
0.47
-1.06
0.12
2.22
-2.41
1.18
1.18
-1.73
-1.73
0.91
-0.39
-0.79
-0.71
0.32
-0.11
1.48
0.74
-0.74
-1.78
-0.65
-0.98
0.61
-1.22
0.93
-0.66
3.12
0.05
-1.62
0.05
1.33
0.83
-1.84
0.53
-2.41
1.82
-0.66
-1.80
-0.98
-0.59
1.55
0.73
-2.81
0.95
0.94
0.28
-0.16
-0.49
0.76
-0.43
1.35
0.03
-1.29
-0.63
-0.36
-0.96
-0.17
0.18
0.73
1.04
-2.06
-0.33
0.47
0.00
0.54
-0.97
-0.68
1.29
0.31
0.18
1.61
0.06
-1.43
-0.82
0.16
-0.42
1.23
-1.21
1.33
0.86
-0.28
-0.28
-0.23
-0.41
-1.30
-0.35
0.23
-0.43
0.25
-0.71
0.30
0.24
0.51
-1.34
-1.34
-0.00
-0.00
-0.88
0.92
-0.18
0.04
1.13
-0.99
-0.04
-1.22
-0.40
-1.03
-1.16
0.90
1.14
-1.35
-0.70
1.09
0.84
0.32
-1.04
-1.10
-0.63
1.99
-1.51
-0.72
1.30
0.97
-0.78
-1.97
-0.52
1.90
-1.41
0.58
-0.90
0.11
1.67
-1.15
-0.20
-1.40
1.14
-0.73
-1.01
0.37
1.11
0.41
1.22
-1.53
0.55
-0.81
0.66
-0.89
-0.59
-0.33
-0.26
1.05
1.79
-1.62
0.73
-0.01
-0.34
-1.64
1.28
-0.28
-0.42
1.59
-0.92
-0.24
0.39
-1.04
-0.55
-0.33
0.43
0.51
-0.52
1.05
-0.75
1.01
0.64
-0.45
-0.45
0.83
0.83
-1.68
1.44
0.92
0.07
-0.52
0.59
0.29
-0.50
0.54
-1.12
1.87
0.41
-0.06
-1.25
0.21
1.34
-0.43
-0.32
-0.96
1.22
-1.59
-0.17
0.28
-1.85
0.93
1.91
-0.72
-0.55
-0.66
-0.54
-0.59
-0.25
0.65
0.25
1.13
-1.04
-1.16
-0.31
-0.26
-0.80
0.38
1.17
-1.00
-0.32
1.36
0.71
0.02
0.99
-1.32
-0.99
-0.18
0.19
-0.06
1.81
0.19
-1.47
0.15
1.62
-0.72
-0.75
-1.63
-2.42
0.02
0.58
-2.42
-1.24
2.10
1.79
-0.45
-2.06
-0.13
-0.11
0.53
0.49
0.31
0.95
0.58
-1.39
-0.98
-0.35
0.93
-1.02
1.69
-0.64
0.23
1.15
1.15
-1.31
0.49
0.14
-0.76
-0.32
-0.98
0.02
-0.52
-0.73
0.72
0.49
-0.99
0.45
-0.37
-0.61
-0.65
1.59
-0.83
0.03
0.84
-0.81
-1.68
0.31
-1.54
-0.82
0.07
0.24
0.55
1.84
-0.86
-1.27
-0.02
-0.45
-0.14
-1.53
2.85
0.63
-0.64
-0.07
-0.15
0.54
0.08
0.44
-0.24
-1.51
1.27
0.53
0.74
-0.47
-0.84
0.64
0.69
-1.27
0.17
0.45
-1.05
1.98
0.38
-0.80
-0.26
0.07
0.70
-0.85
0.10
-0.70
0.48
-1.27
-0.58
-0.35
0.50
0.60
0.26
-1.64
0.05
-0.79
-0.42
-0.42
-0.03
0.60
0.84
0.66
-1.24
-0.46
-0.13
-0.36
-0.36
0.17
-0.77
0.27
0.84
0.73
-1.77
0.40
-0.63
-0.98
0.47
-1.06
-1.33
1.09
-1.51
-0.85
0.57
-0.19
-0.21
1.17
-2.08
-0.56
-0.13
-0.21
-0.87
0.63
1.78
-1.76
1.28
-0.63
0.05
-0.52
-0.03
-0.21
-0.38
-1.18
1.73
0.25
-2.15
1.72
-0.95
-0.82
1.31
0.28
-1.41
-1.07
1.99
-0.18
1.01
-2.03
-0.56
-0.22
-0.68
0.58
0.59
1.68
0.12
-2.35
-0.35
0.34
-0.79
-0.01
0.20
-0.86
-0.34
1.87
-2.46
-0.59
0.07
0.51
0.30
-0.63
-1.22
-1.00
3.27
0.05
-0.84
0.20
-0.00
-2.03
-2.03
0.41
-1.30
1.06
1.96
-0.83
-1.47
-0.60
2.52
-0.02
0.06
-0.80
1.17
1.23
-0.25
0.09
-0.73
-0.25
1.16
1.72
-1.82
0.03
-0.63
0.97
-1.89
0.16
2.12
0.09
0.50
-1.46
-0.68
0.14
-0.14
0.27
0.35
-1.20
1.30
-0.03
-2.15
0.94
0.48
-0.84
-0.58
-0.16
-0.49
-0.01
0.20
0.26
0.42
-1.32
0.22
-0.05
-1.08
-0.66
1.19
-1.42
0.27
-0.32
-0.99
0.23
0.21
-1.61
0.38
-1.63
1.57
1.11
-0.83
-0.36
0.50
-0.05
-1.28
-0.73
0.77
-0.50
0.49
-0.37
-0.60
0.82
1.59
1.59
-1.64
-0.81
-0.22
0.37
1.08
-0.78
1.44
-0.17
-1.57
1.01
-0.56
0.35
0.51
-1.87
-0.18
-0.59
2.29
0.24
0.49
-2.00
-0.34
-0.03
-1.17
0.06
0.33
-0.02
0.78
0.31
-0.39
-0.57
-0.19
-0.01
-1.45
1.59
-0.55
-0.40
1.50
0.22
-1.30
1.40
-1.51
-1.39
-0.40
-0.24
2.50
-0.02
1.17
-0.98
-1.87
1.46
-0.31
-2.38
1.15
-0.11
-0.34
1.24
-0.72
0.06
1.68
-0.35
-1.82
0.10
-0.37
0.26
0.63
0.07
-0.35
0.37
1.42
-1.87
0.08
0.43
-1.22
0.06
0.42
-0.04
-0.26
0.32
0.35
-1.35
0.46
-0.51
-0.51
0.39
-1.01
0.49
0.27
0.65
0.22
-0.56
-0.37
0.79
-1.62
-1.75
-2.30
-0.66
-0.53
-1.03
1.15
-2.13
-1.02
0.07
0.21
0.14
0.54
-1.17
0.60
-1.06
-1.17
2.57
0.41
-1.12
-1.14
0.98
-0.32
-0.31
1.90
-0.79
-0.75
1.50
0.66
-3.43
-2.11
0.51
0.02
0.97
-0.36
-0.26
-0.58
0.23
0.69
-0.10
-0.78
-0.88
0.98
-1.27
0.10
0.11
0.44
1.37
-2.63
1.45
-0.48
-1.17
-0.03
0.08
1.12
1.05
-1.69
-1.21
-0.49
0.06
-0.05
-0.57
0.09
-0.09
-0.12
1.67
-1.54
1.33
-0.68
-0.10
-1.09
-0.62
0.32
0.18
1.09
1.09
0.82
-1.40
-0.14
-1.16
-1.01
-0.17
1.08
-1.21
0.98
1.33
-1.42
-0.01
1.25
0.60
-0.16
-0.26
-0.65
2.06
0.73
-1.03
0.39
0.51
-0.44
0.18
-0.98
-0.96
0.30
0.70
0.36
-0.30
0.69
0.00
-0.96
0.13
-0.61
0.27
-1.25
-0.28
-0.53
0.35
1.79
-1.84
-1.27
0.50
0.79
-1.08
-0.38
-1.21
1.91
0.54
-0.57
-0.13
-2.36
1.82
-0.79
-1.39
3.46
1.50
0.30
0.88
0.07
-0.23
-0.21
-0.50
-0.01
0.25
0.83
0.32
0.06
0.68
0.16
-1.42
0.88
-1.23
-0.04
-0.07
-0.66
1.78
-0.44
-0.68
0.53
0.55
-0.46
-1.09
-1.09
0.05
0.18
0.26
0.57
0.13
-1.44
1.10
0.12
-1.11
0.00
0.10
0.19
-0.95
0.20
0.20
0.84
-1.26
-0.38
0.32
-0.63
0.39
-0.43
0.26
0.25
-0.76
0.81
-2.17
0.70
-0.34
0.30
-0.77
0.86
-2.24
0.96
1.77
0.48
-0.78
-1.18
1.81
-1.23
-1.42
-0.29
0.37
0.21
1.13
-0.31
0.76
0.84
-1.22
-0.30
2.36
-1.08
-1.74
2.33
1.67
-2.28
1.43
0.40
-2.74
1.15
0.32
1.08
1.17
-1.30
0.17
0.97
-1.16
0.24
0.10
-0.36
-2.05
0.66
0.25
-0.57
0.31
1.55
-1.89
-0.48
0.68
-0.12
-0.54
-0.17
-0.17
-0.35
0.49
0.65
0.45
-1.37
0.23
-1.24
-0.11
-0.26
0.10
-0.07
0.16
1.06
-1.36
-0.09
0.14
-0.35
0.15
0.29
0.26
0.68
0.14
-1.54
1.26
0.16
-2.49
-1.35
0.97
1.74
2.93
0.36
0.13
-0.89
1.86
-0.26
-1.52
-0.46
0.49
0.90
-0.74
0.65
-0.06
1.53
-1.40
0.60
-0.70
-0.25
-0.80
-0.83
0.54
-1.41
1.99
-0.44
-2.39
0.39
0.82
-1.50
-0.26
0.13
0.83
0.25
0.30
1.09
-0.41
-0.59
-0.67
-1.35
1.78
-0.00
-1.29
0.57
-0.36
-0.08
0.71
0.58
-1.39
-0.05
0.46
0.28
2.00
-1.17
-0.83
1.34
-0.28
0.49
-0.23
-1.72
-0.65
-0.65
1.98
-0.70
-1.42
2.18
-0.17
-0.88
-0.28
-0.01
0.38
0.84
0.84
-0.17
-0.22
1.47
-2.55
0.29
0.27
-0.15
-0.46
-0.66
-0.20
-1.10
1.49
0.06
0.01
-1.31
0.69
-0.63
-0.13
-1.47
0.67
0.55
1.62
-1.37
-1.09
-0.60
-0.05
0.15
-0.40
-0.07
-0.23
0.22
-0.95
2.73
1.19
0.29
-0.94
2.34
4.54
2.23
-1.28
0.41
0.27
1.78
1.53
-2.90
0.40
-1.55
0.18
1.21
-0.68
-0.38
0.17
-0.18
1.05
-0.88
0.29
-0.31
-2.75
-0.64
-0.83
0.43
0.84
0.92
-1.57
0.47
-0.72
-1.02
-0.50
0.92
-0.14
0.31
-0.00
-1.47
0.15
0.15
-0.25
-0.25
-0.93
1.40
0.10
-0.05
0.92
-1.63
-0.00
0.29
-0.66
-0.67
-0.99
1.26
0.30
0.75
1.27
-2.27
0.71
-1.30
0.06
0.60
2.37
2.57
1.47
-1.88
0.44
0.61
1.47
1.12
-2.63
-2.33
-1.89
0.65
-1.80
-0.07
2.04
-0.46
-1.50
-0.65
1.79
0.06
-1.42
1.53
-0.67
-0.71
2.00
-0.63
-1.20
-0.56
-0.59
0.23
-1.14
0.81
-0.53
2.52
-0.27
-2.03
0.40
0.07
-1.70
0.46
0.09
-0.05
0.20
-1.92
0.36
-1.54
1.18
-0.38
-1.49
0.26
1.76
-1.26
-0.92
0.80
1.62
-0.64
-0.64
1.12
-1.14
-1.14
7.06
1.62
0.27
0.74
0.42
0.29
-1.25
0.52
-0.98
-1.17
0.09
0.69
-0.84
-0.19
1.51
0.15
-1.77
-0.36
0.78
-1.27
-0.37
-0.82
0.10
1.81
-0.40
-0.06
-1.77
-0.19
0.31
-1.04
0.33
1.56
2.69
-1.68
0.41
-0.91
0.53
-1.17
-0.36
0.92
-1.09
0.36
1.46
0.63
-0.92
0.26
0.05
0.36
-1.55
-0.14
-0.18
1.88
0.70
-0.51
-0.06
0.64
-0.69
0.62
0.32
-1.64
3.04
0.04
-1.61
-0.12
1.89
0.30
-0.33
-1.56
-0.00
0.98
-1.25
0.50
2.02
0.30
0.30
-0.60
-1.17
-1.24
-0.26
-0.88
-0.09
0.74
-0.82
1.47
-0.11
-2.11
1.24
-0.33
0.49
-0.52
-1.59
0.10
2.12
-0.78
-0.14
0.03
-0.31
-1.55
-0.91
1.62
-1.11
-0.25
0.53
-0.84
-0.83
0.62
-0.93
-0.61
0.24
-0.15
0.62
1.71
-0.68
-0.34
1.56
-1.40
-0.22
0.76
-1.19
0.79
1.23
0.43
-0.62
1.01
-1.24
-1.61
0.80
0.03
-0.42
0.71
-0.53
-0.85
0.36
-0.02
0.56
-1.08
-0.52
-0.66
-1.16
2.28
-1.05
2.25
-0.93
-1.90
0.36
0.22
-0.77
-0.08
-0.36
0.30
0.22
0.00
1.61
-1.01
-0.26
-0.85
0.54
0.33
-0.87
-0.87
-0.79
2.53
-0.20
-0.67
0.28
-1.59
-2.11
-1.27
-1.44
1.44
2.22
-1.05
-1.06
0.57
-0.07
-1.27
0.62
2.58
3.97
0.88
-1.29
0.89
0.46
2.39
-1.04
-1.20
-1.10
-0.31
-0.24
-0.23
-0.53
1.15
0.41
-1.50
-1.11
1.12
0.27
-0.90
-0.35
-0.32
0.21
-0.19
0.28
-0.47
-0.12
-0.17
-1.75
1.18
-1.65
1.75
1.41
-0.17
-1.27
0.10
-0.40
-1.11
-1.47
0.91
0.99
0.34
0.24
-1.13
0.91
0.29
0.96
-1.37
2.65
-1.18
-0.71
0.25
0.30
1.35
1.03
-1.39
-2.48
0.56
-0.21
-0.45
0.86
0.32
-0.88
0.63
-0.89
0.38
-0.19
-0.16
-1.03
-0.32
-0.32
-1.55
1.85
0.85
-1.60
-0.85
-0.60
-0.24
-0.57
-0.33
-0.23
1.08
0.19
-1.09
0.13
-0.97
-0.36
0.47
-0.38
0.25
-1.72
1.05
1.49
-0.21
0.26
-0.89
-0.64
0.78
-0.73
-0.32
0.91
0.49
0.35
-1.13
0.93
-0.87
-0.13
1.84
-1.24
1.36
-0.16
0.63
1.09
-0.08
-1.49
-0.67
1.17
-1.36
0.11
0.10
-0.84
0.89
0.42
-0.26
0.22
-1.13
-0.77
1.04
-2.33
-0.52
-0.14
0.60
-1.26
0.42
-1.60
-1.80
1.15
-0.09
0.70
1.11
0.05
-0.15
-1.13
0.85
-0.05
0.18
-1.24
-0.81
1.56
0.53
-0.14
-0.49
0.26
1.56
-0.58
0.48
0.48
2.78
-0.03
-0.96
-1.04
0.01
0.56
2.16
-2.34
-0.84
-1.27
0.49
-0.03
0.08
0.83
1.68
-0.74
-1.47
-0.85
0.59
-0.99
-0.58
0.62
-0.76
0.46
0.40
0.07
-0.18
-1.42
0.49
0.92
-3.81
1.79
-0.44
0.26
-0.12
-1.39
0.04
-1.05
-1.55
-0.25
0.85
0.17
-0.14
-1.50
-0.06
2.58
-0.20
-0.84
-0.30
-0.47
1.80
-0.56
0.99
1.54
-0.02
-1.35
0.74
-1.40
-1.11
1.45
1.29
0.63
-0.96
2.12
-2.01
-0.22
0.23
-0.59
-0.31
-0.04
0.32
-1.67
1.29
0.48
-1.03
-1.02
0.64
-0.37
-0.37
-1.34
-0.77
0.83
1.06
-0.13
-2.11
-0.04
0.68
-1.32
-0.32
-0.54
-1.17
2.76
0.15
-0.42
-0.84
0.52
0.57
-1.79
0.09
-0.58
0.60
0.46
1.08
0.56
-1.15
1.21
-0.51
0.79
0.21
0.75
1.36
-0.37
-0.58
0.77
-0.24
-0.13
-0.73
-0.10
0.54
0.81
-0.09
0.29
1.09
0.71
-1.69
-1.23
0.44
-0.77
-0.65
0.20
-0.59
1.76
-1.08
-1.24
-0.35
1.23
-0.94
-0.40
0.21
0.10
0.50
-1.07
-0.47
-0.85
0.94
-0.92
-0.50
0.27
-0.18
1.65
-0.38
0.59
-0.60
1.25
-0.34
-0.75
0.87
-0.17
0.64
0.50
-0.54
0.17
2.03
2.03
-1.20
-0.49
-0.33
0.23
1.80
-0.39
-0.18
0.51
1.38
-1.78
-0.99
-0.41
-0.51
0.12
-0.82
0.89
1.13
-0.60
-0.10
-1.64
0.69
-0.00
-2.04
-0.10
-1.50
0.92
0.96
-0.12
-1.22
-0.22
-0.49
-1.36
-0.56
-0.23
1.78
-1.50
-0.56
0.63
-0.43
-0.49
0.07
-0.62
0.02
1.47
0.45
0.19
-0.37
1.40
0.37
-0.81
1.47
1.50
2.49
0.71
-0.31
0.49
-0.55
0.99
-0.75
-0.31
-0.18
-1.39
0.12
-0.97
1.06
1.84
-1.76
-0.93
-0.28
0.14
-0.89
-0.98
-1.00
1.51
0.14
0.43
-0.16
-0.46
-0.14
-0.69
-1.56
-0.13
0.79
-0.37
-0.58
-0.07
-1.06
-1.06
0.53
-0.49
-1.35
0.08
0.30
1.56
1.16
-0.65
-1.11
1.16
-0.38
-0.66
-0.28
-0.82
1.04
1.48
-1.77
0.30
1.14
-0.12
-0.93
-0.87
-0.23
0.65
-0.47
-0.82
0.92
0.25
-0.57
-1.02
-0.70
-0.72
-0.49
0.84
-1.18
2.00
0.70
-2.01
-1.48
0.71
0.25
-0.47
0.31
-1.00
1.03
0.16
-1.60
0.42
-1.00
-0.25
-0.79
-0.86
0.94
-0.12
1.14
2.04
-1.50
0.39
-0.87
-1.04
0.05
0.95
-0.38
0.86
1.09
-1.49
1.08
0.34
-0.01
-1.40
-0.07
-0.01
0.59
-0.57
1.18
-0.31
0.45
-0.12
-2.18
-2.18
-0.01
-0.11
2.86
0.20
-1.52
1.88
-0.49
-0.62
-0.80
-0.42
0.15
-1.41
1.25
-0.82
1.28
-1.01
-0.05
-0.26
0.08
-0.79
-0.55
-0.99
0.44
0.17
-0.02
0.07
-0.39
-1.29
-1.02
-0.03
1.05
-1.85
1.48
-0.96
1.64
0.54
-0.39
-0.98
0.18
-0.61
0.26
1.30
-0.88
0.88
-0.77
0.58
-0.27
0.21
-1.09
0.04
2.33
0.51
-1.06
-0.15
0.53
-0.16
0.33
0.10
-0.59
-3.41
-1.08
-0.73
1.12
1.06
-0.33
-1.74
-1.89
-0.33
1.38
-0.03
-0.81
0.48
-0.43
0.78
-1.50
0.43
-0.54
-2.04
0.08
-1.48
2.06
2.06
-0.19
-0.02
-0.04
0.41
0.28
-0.52
-2.17
-0.44
2.04
1.22
0.37
-0.70
0.68
-0.83
-0.53
0.36
