-0.01
-0.01
-0.01
-0.01
-0.01
-0.00
-0.01
-0.01
-0.01
-0.01
-0.01
-0.01
-0.00
-0.01
-0.00
0.00
0.00
-0.00
-0.00
-0.00
0.00
-0.00
0.01
0.00
-0.00
-0.01
-0.01
-0.00
-0.00
-0.00
-0.00
-0.01
-0.01
-0.01
-0.01
-0.01
-0.01
-0.01
-0.00
-0.01
-0.01
-0.01
-0.01
-0.01
-0.01
-0.01
-0.01
-0.01
-0.01
-0.00
-0.01
-0.00
-0.01
0.00
0.00
-0.00
-0.00
-0.01
-0.01
-0.00
-0.00
-0.00
-0.00
-0.00
0.00
-0.01
-0.00
-0.00
-0.00
-0.00
-0.00
-0.00
-0.01
-0.01
-0.01
-0.01
-0.01
-0.01
-0.01
-0.01
-0.01
-0.01
-0.01
-0.01
-0.00
-0.01
-0.01
-0.01
-0.01
-0.01
-0.00
0.01
0.00
-0.00
-0.00
0.00
-0.00
0.00
0.00
0.00
-0.00
-0.00
-0.00
-0.01
0.00
-0.01
-0.01
-0.01
-0.01
-0.01
-0.01
-0.02
-0.01
-0.01
-0.02
-0.01
-0.01
-0.01
-0.02
-0.01
-0.00
-0.00
-0.00
-0.01
-0.01
-0.00
0.00
0.00
-0.00
-0.00
0.00
0.01
0.00
0.00
-0.01
-0.01
-0.01
-0.00
0.00
0.00
-0.01
-0.01
-0.01
-0.01
-0.01
-0.01
-0.01
-0.01
-0.02
-0.01
-0.01
-0.01
-0.01
-0.01
-0.01
-0.02
-0.00
-0.00
-0.01
-0.00
-0.00
-0.01
-0.00
-0.00
-0.00
0.00
-0.00
-0.00
-0.01
-0.00
-0.01
-0.01
-0.00
-0.01
-0.01
-0.01
-0.01
-0.01
-0.01
-0.01
-0.01
-0.02
-0.02
-0.01
-0.01
-0.01
-0.01
-0.01
-0.01
-0.01
-0.01
-0.01
-0.01
-0.01
-0.01
-0.00
-0.00
0.00
0.00
0.01
0.00
-0.01
-0.00
0.00
-0.00
-0.00
-0.00
-0.00
-0.01
-0.01
-0.01
-0.01
-0.01
-0.01
-0.01
-0.01
-0.01
-0.01
-0.01
-0.01
-0.01
-0.01
-0.01
-0.01
-0.01
-0.01
-0.00
-0.00
-0.01
-0.00
-0.01
-0.00
-0.00
-0.00
-0.00
-0.00
0.00
0.01
-0.01
-0.02
0.00
-0.01
-0.02
0.00
-0.00
0.03
-0.02
-0.05
0.01
-0.04
0.01
0.02
-0.00
-0.00
-0.01
-0.02
-0.01
-0.01
-0.01
-0.01
-0.01
-0.01
-0.01
0.00
-0.01
-0.02
0.04
-0.08
-0.07
0.07
0.03
0.08
-0.02
-0.13
-0.07
0.00
-0.00
-0.04
0.04
0.02
-0.06
0.05
0.00
-0.02
-0.02
0.01
-0.04
0.02
0.01
-0.02
0.00
-0.01
-0.03
-0.00
-0.01
-0.01
-0.01
-0.02
-0.02
-0.01
-0.01
-0.00
0.01
-0.01
-0.01
-0.01
-0.01
-0.01
-0.00
-0.00
0.00
-0.01
0.01
-0.01
-0.00
-0.00
-0.01
-0.00
-0.01
-0.00
-0.01
-0.00
-0.01
-0.01
-0.01
-0.01
-0.01
-0.01
-0.01
-0.01
-0.01
-0.01
-0.01
-0.01
-0.01
-0.01
-0.01
-0.01
-0.00
0.00
-0.00
0.00
-0.00
-0.01
-0.00
-0.00
-0.00
-0.01
-0.00
0.00
0.00
-0.00
-0.01
-0.01
-0.01
-0.01
-0.01
-0.00
-0.01
-0.01
-0.00
-0.01
-0.01
-0.02
-0.01
-0.02
-0.01
-0.01
-0.01
-0.01
-0.01
-0.01
-0.01
-0.01
-0.01
-0.01
-0.01
-0.01
-0.01
-0.01
-0.01
-0.01
-0.01
-0.00
-0.01
-0.00
-0.01
-0.01
-0.02
-0.01
-0.01
-0.01
-0.01
-0.01
-0.01
-0.02
-0.01
-0.01
-0.02
-0.01
-0.01
-0.02
-0.02
-0.02
-0.01
-0.01
-0.01
-0.01
-0.01
-0.00
-0.01
-0.01
-0.00
-0.00
-0.00
-0.00
-0.01
-0.01
-0.00
-0.01
-0.00
-0.00
-0.00
-0.00
-0.00
-0.00
-0.00
-0.01
-0.01
-0.01
-0.01
-0.01
-0.01
-0.02
-0.02
-0.01
-0.01
-0.01
-0.01
-0.01
-0.01
-0.01
-0.01
-0.02
-0.01
-0.01
-0.01
-0.01
-0.03
-0.15
0.51
-0.22
0.13
-0.21
-0.86
0.29
1.07
0.54
0.54
-0.08
0.16
0.59
-0.20
-0.50
-0.32
1.28
-0.70
-0.45
0.09
0.13
-0.33
-0.45
0.24
0.04
-0.34
-0.24
-0.16
-0.06
0.69
0.01
1.33
-0.55
0.83
-0.11
-0.05
0.16
-0.56
0.29
0.52
-0.50
-0.39
-0.20
-0.14
0.05
-0.87
1.68
-0.37
-0.65
0.28
-0.07
-0.36
0.74
-1.87
0.75
-0.59
0.36
0.10
0.19
-0.73
-0.08
0.17
0.32
-0.48
0.08
-0.43
0.36
-0.62
-0.37
0.43
-0.18
-0.04
0.37
-0.07
0.13
0.19
-0.19
0.15
-0.68
0.40
-0.41
-0.12
0.64
0.18
-0.98
1.86
-0.93
-0.22
-0.19
0.85
-0.86
0.29
-0.76
0.16
0.77
0.77
0.26
-1.30
-0.15
1.42
-0.83
-0.04
-0.69
-0.06
0.64
0.22
-1.16
0.28
0.24
0.11
0.49
-0.40
0.65
-0.11
-0.55
-0.08
-0.67
0.81
-1.25
0.39
-0.09
0.23
0.02
-0.51
-0.17
0.36
0.07
-0.76
0.18
1.11
-1.28
1.39
-0.56
-0.68
1.96
-1.38
-1.19
2.03
-0.54
0.99
-0.40
-0.24
-0.06
0.16
0.12
-0.29
-0.97
-0.33
0.35
-0.54
0.90
0.68
0.08
-2.93
1.48
0.87
0.36
0.52
-0.35
0.64
-0.19
-0.12
-0.34
-1.27
0.09
0.71
-1.30
0.73
1.37
-1.72
0.08
0.69
-1.89
0.00
-0.38
0.04
-0.18
-0.12
0.57
0.21
-0.30
-0.30
0.75
-0.52
-0.15
-0.46
0.32
1.25
-1.33
0.02
1.14
-2.04
1.40
-1.46
0.71
-0.01
0.50
1.32
-1.07
0.19
-0.18
-1.52
0.47
0.14
-0.35
-0.11
-0.22
0.02
-0.69
1.55
-1.19
-0.53
0.59
0.14
-0.90
0.22
0.13
0.55
0.56
1.36
0.92
-3.29
-0.54
2.13
0.02
-0.53
1.61
1.60
-0.17
-2.34
-0.16
2.97
-2.05
0.59
1.27
0.81
0.28
-0.43
0.92
0.40
-0.46
-0.06
0.76
1.44
-3.09
-1.55
2.69
-0.47
0.53
0.04
-1.21
-0.87
1.84
-0.06
0.06
1.57
-0.42
0.68
-0.18
-0.91
-0.71
-0.63
1.01
-0.56
0.03
0.68
-0.26
0.60
0.52
0.52
-0.21
-1.49
1.40
-0.45
-2.02
0.51
0.14
-0.62
0.00
-0.03
0.43
-0.13
-0.69
0.20
-3.01
2.46
-1.02
-1.54
1.43
-0.73
0.22
-0.97
1.26
0.75
-0.69
-1.32
0.60
-0.94
-0.20
0.63
-0.53
0.18
-1.13
-1.63
1.52
1.69
-0.56
-1.74
1.47
0.80
-2.17
2.13
-1.51
-2.12
0.70
-0.69
1.27
-1.41
0.92
1.19
1.34
-1.01
-0.40
1.51
-1.13
-3.18
0.29
1.47
-0.53
-1.16
0.40
-1.52
2.90
-0.50
-0.06
-0.41
-0.84
-0.03
-1.35
-1.03
-0.57
0.18
-0.90
-0.74
1.01
2.86
-0.48
-2.32
-0.50
1.12
-1.37
1.17
0.83
-0.73
0.03
-1.19
1.19
0.22
-0.97
-1.14
0.16
-0.29
0.28
-0.24
-0.24
0.40
-0.09
-0.19
2.30
-2.64
-0.84
-0.37
-0.16
-0.04
0.89
-0.73
-1.38
1.37
0.61
1.40
-1.70
-1.25
0.28
0.03
-0.73
-0.90
-0.54
2.12
-0.62
1.02
-0.00
-1.86
0.41
-2.41
0.72
0.50
0.64
-0.18
-1.49
2.21
-0.35
0.40
0.07
-0.64
0.24
0.37
0.47
-0.46
-2.32
3.17
0.49
0.11
-0.10
0.13
-0.55
-0.77
0.20
0.39
0.29
1.31
0.95
-0.67
-0.06
0.84
0.49
-2.11
-1.64
0.40
-0.22
0.79
0.83
-0.57
1.59
-0.39
1.96
-0.55
-2.95
-0.02
-0.27
-0.52
0.33
1.22
0.45
2.18
-1.51
-0.09
0.25
-0.92
0.23
1.18
-2.12
-0.11
-0.18
2.17
-0.87
-2.12
-1.83
-1.83
1.39
-1.06
0.37
-2.02
1.54
0.73
1.34
-0.15
-2.57
-0.81
-0.07
0.60
-2.00
1.18
1.62
0.76
0.06
-1.10
0.56
-0.96
1.25
0.41
-1.68
1.27
-0.63
1.00
0.51
-0.43
0.95
-0.30
-0.90
0.99
-0.58
0.30
1.05
0.03
-0.08
0.13
0.54
-1.37
-0.64
-1.52
2.17
1.61
-1.49
0.03
0.21
1.19
0.38
-2.38
-0.16
0.26
-0.51
-0.80
0.50
1.73
0.92
-3.89
-1.17
-0.22
0.32
-0.03
0.29
-1.00
0.73
2.40
-0.75
-2.67
0.20
-1.84
-0.12
1.91
-3.23
2.38
0.73
0.68
0.88
-0.49
0.85
-0.66
-0.49
1.28
1.04
0.76
0.57
-1.37
2.66
0.14
-3.92
0.08
0.20
2.62
0.34
-0.79
0.15
1.37
-0.38
-0.38
-1.52
-2.02
-1.38
-0.64
1.64
1.59
-1.99
4.49
-0.35
-4.04
-0.03
0.35
-0.10
-1.20
-0.59
-1.07
-0.96
-0.38
-0.61
1.57
-1.98
-1.57
-0.00
1.37
0.30
0.70
1.09
0.18
0.25
0.06
1.01
-1.20
0.10
1.21
-0.79
-0.30
1.46
-0.15
-0.91
-0.45
-0.77
0.72
3.59
-1.15
-0.09
2.40
-1.27
-4.27
-0.15
1.75
-0.50
3.79
-0.04
-2.72
0.47
-2.36
-1.76
0.45
-1.34
2.02
-0.88
0.48
0.06
-0.43
-1.50
-0.13
-0.45
-0.03
0.35
2.18
0.91
0.15
1.32
-0.27
2.21
0.33
-0.67
1.11
0.58
-0.81
2.76
-0.49
-0.99
1.23
-1.96
-0.94
0.42
-0.95
-0.30
0.86
2.76
-0.64
-4.52
-0.69
-0.69
-0.68
0.37
0.41
-1.39
0.90
-0.07
0.77
-1.94
-0.57
-1.74
-2.30
1.25
0.65
-0.40
-0.53
-0.21
0.28
-0.16
0.49
0.14
-0.39
-0.27
3.70
-0.95
-0.28
1.64
-2.21
-1.07
2.61
-0.35
1.04
1.39
-3.18
0.71
1.29
-1.14
-1.27
0.65
-2.22
-0.45
1.03
0.71
-1.90
-2.49
0.94
-1.00
-1.76
1.56
1.97
-0.98
1.73
1.50
-2.51
1.13
-0.16
0.12
2.19
-1.15
-0.98
1.48
-0.49
1.30
-3.39
-2.21
-0.25
-0.31
1.50
1.88
-0.81
0.38
2.17
-5.47
-1.25
0.39
-2.48
3.06
2.02
1.89
-3.27
-1.27
-0.80
-0.83
0.15
1.81
-0.83
0.18
-1.79
2.44
-0.64
-0.39
-0.56
3.16
-2.50
2.42
0.69
-0.30
1.23
-0.95
-2.76
-1.09
-0.34
1.41
0.31
-0.09
-0.03
-2.68
-1.59
-1.59
0.69
-0.69
-3.28
2.75
3.67
1.32
-2.69
-2.90
-0.25
-0.38
0.13
1.59
2.80
-2.13
-0.51
3.30
-2.12
-0.86
1.91
-0.44
0.14
0.41
0.97
0.20
-0.50
-0.76
-1.89
-0.36
-0.14
0.19
0.91
-1.67
0.48
0.46
-2.08
0.59
-1.37
-1.80
2.62
-0.23
0.75
-2.11
0.20
-0.95
-1.84
1.49
1.24
-0.44
-0.84
0.49
1.56
0.42
0.43
-1.66
-2.60
5.26
0.24
-0.97
0.99
-1.42
-1.76
1.01
-1.98
0.73
1.78
-0.04
-0.33
-0.91
-3.65
0.07
0.10
-1.13
-1.87
0.83
1.02
3.08
-3.54
-0.84
2.70
-0.40
-0.76
3.03
-1.29
0.45
-0.02
1.06
-1.04
-1.62
-1.29
1.41
1.02
0.37
0.61
0.60
-2.68
-0.55
0.69
0.31
-0.10
-0.51
-0.09
-0.22
-1.41
0.42
0.28
0.28
-2.29
1.99
-0.62
0.58
1.07
-0.87
1.11
1.57
-1.67
0.70
-1.74
0.41
2.59
0.89
-1.31
-0.59
-1.34
-0.51
2.11
-0.81
1.26
1.40
-1.79
-1.84
-0.56
2.11
0.74
-1.37
0.82
0.17
-3.69
-0.44
0.51
0.92
1.62
-5.41
3.19
3.01
-0.82
0.83
0.92
-1.85
0.01
1.37
0.07
1.05
-0.26
1.37
-1.74
-1.67
-1.06
1.69
-0.22
0.98
-1.62
0.13
-0.37
-0.56
0.04
-0.83
-0.58
3.45
-1.58
1.48
-0.06
-0.29
-1.10
-0.78
0.62
-1.99
0.75
0.02
-0.07
1.43
-0.95
-2.68
-0.15
0.28
2.33
-0.58
0.58
0.64
-2.73
-0.30
-0.48
1.16
1.27
-2.68
1.43
2.52
-1.15
0.15
0.97
-1.19
-0.29
0.86
0.37
1.02
1.02
-0.87
0.56
-0.67
3.37
-2.42
0.60
1.89
-0.67
0.40
0.02
-1.15
-2.50
0.26
-0.34
2.63
-0.53
-2.56
-2.38
0.05
2.21
-0.02
0.08
-1.10
1.52
-0.03
-0.31
1.66
-0.66
-1.16
1.60
0.13
4.10
1.09
0.06
0.38
-0.60
-0.67
2.02
-1.74
-1.07
1.93
1.10
-4.95
-1.14
0.46
-2.99
4.28
-0.41
-0.30
-1.19
3.15
-0.17
-0.76
0.16
3.03
-1.36
0.80
1.81
-0.97
-0.92
-0.32
-0.67
-1.13
-0.18
0.53
-0.39
1.85
-2.08
-0.48
-0.52
-2.54
-0.15
3.90
-1.60
0.98
-0.56
-0.88
-2.06
0.02
2.09
0.43
1.11
0.08
0.86
0.51
-1.91
-1.55
0.25
1.79
-1.05
0.20
1.46
-0.10
-0.71
-0.31
0.85
0.85
-1.75
0.27
0.87
-0.30
-1.16
-1.44
-0.88
-0.34
0.23
-0.53
1.40
-1.53
1.98
0.10
-0.12
3.43
-3.09
-1.26
3.08
-3.79
0.72
2.11
-3.22
-5.48
-0.38
1.21
2.25
-2.80
1.35
-1.02
-0.50
0.31
-2.47
0.96
1.91
-1.78
2.11
-1.87
-0.37
-1.55
2.85
-0.23
-0.79
0.43
-0.41
1.01
0.18
-2.81
-1.99
0.44
3.44
-1.10
-1.28
0.84
-1.93
-1.21
-1.34
1.71
-0.03
0.62
-0.31
2.66
0.51
0.70
0.17
-0.16
1.56
0.19
3.37
-3.32
-2.90
-1.20
-3.18
-1.37
-0.27
-0.44
3.27
-2.91
1.89
0.71
-2.36
-2.44
2.70
0.62
-0.53
-0.68
-3.74
-1.67
0.49
-0.11
1.28
-1.47
1.47
0.65
0.04
-1.29
1.52
-2.31
1.10
-2.56
1.63
2.99
-4.03
0.99
-2.90
-1.21
0.78
-3.84
4.80
4.80
0.33
-3.72
-3.72
-1.41
1.14
-1.50
0.84
-1.86
2.48
0.55
-1.64
1.64
-0.55
3.06
-2.42
1.42
3.95
-4.00
2.95
1.64
-3.87
-1.44
1.09
-0.53
-0.65
1.03
0.40
-1.77
-1.17
-0.61
1.22
-0.72
-0.14
0.69
-1.48
0.62
0.34
0.49
-0.20
-0.79
2.43
-1.06
-0.41
2.36
0.96
-5.12
1.82
1.78
0.90
-2.00
1.25
-0.77
-1.79
-0.75
-0.09
-0.23
2.21
-0.72
-0.46
3.02
1.20
-0.16
-0.82
0.30
-0.26
0.89
0.39
2.11
-0.29
-2.09
-2.97
-0.76
0.37
4.39
-0.88
-1.00
-3.25
0.50
-1.44
0.88
1.55
-2.81
0.68
2.84
-1.50
-1.19
0.66
5.84
-0.41
-0.64
-0.30
0.24
1.46
-1.11
-1.63
0.75
1.15
-0.82
1.89
0.45
-1.36
-1.22
-0.97
-0.79
2.17
2.17
-1.20
-2.15
-2.03
-2.03
0.50
-1.94
0.33
3.30
-1.01
0.33
0.84
0.61
0.38
-1.92
0.21
-0.03
1.60
-0.13
1.15
-0.75
-0.37
-2.22
-0.80
-2.14
2.62
0.42
1.19
-2.52
-1.14
-0.81
-1.73
5.38
-4.79
-2.41
7.19
-2.39
0.54
1.13
0.77
-1.61
-0.08
0.54
0.71
1.65
-1.04
-1.44
0.34
-2.46
-0.60
1.78
0.90
-1.76
-0.55
-0.22
-3.99
1.47
-0.70
0.24
4.67
-1.63
1.86
-0.72
0.34
2.51
-0.92
0.02
-1.21
3.80
-0.43
-3.94
0.14
4.29
0.22
-1.92
0.06
-1.09
-1.04
-1.39
2.61
-2.41
1.88
-0.55
0.48
2.32
-1.65
0.11
0.47
3.29
-1.55
3.81
-1.36
-1.71
4.33
-3.55
-2.50
0.10
-1.27
2.70
5.69
4.90
-2.31
-1.94
2.51
2.10
-1.91
0.28
2.93
-0.80
-0.80
-1.17
1.64
1.64
-2.53
1.14
-0.70
1.73
0.28
-0.94
-0.64
-2.08
-0.52
0.29
0.56
-0.88
0.72
0.86
-1.68
-2.66
1.79
0.98
-1.59
0.11
0.21
0.83
-0.28
0.12
-0.49
2.43
-0.99
-0.39
2.19
0.37
-1.69
0.15
-2.97
0.70
2.85
1.22
-1.30
1.07
-0.55
-2.14
-0.80
-1.17
2.77
-1.66
-0.94
0.82
-0.38
-0.46
-0.88
3.90
-2.56
0.55
3.68
-0.00
0.33
1.43
-2.68
-2.34
-0.93
2.33
1.33
1.20
0.60
-3.08
-2.76
0.89
-0.94
0.08
1.44
1.54
-1.09
-2.81
-0.88
-1.75
-1.92
-2.38
-0.01
1.13
0.66
1.07
0.62
-4.08
0.45
-3.73
3.33
2.58
-0.74
-2.36
-2.54
0.74
-3.74
1.99
2.96
-1.17
-1.59
-0.76
-0.14
-1.53
1.11
0.24
2.31
-0.60
-0.03
-1.59
2.19
-1.23
1.07
-0.73
-0.24
1.94
0.21
-1.43
-0.46
-3.54
1.31
-0.74
0.79
-0.98
-1.81
-1.25
0.44
-1.95
-2.11
1.44
2.73
0.68
0.85
-1.53
-1.02
-0.25
0.23
-0.55
4.91
-3.54
0.29
0.73
-3.07
-0.55
0.38
-1.29
4.16
-2.53
-0.96
-1.83
-0.28
-1.89
0.56
3.68
0.11
-0.98
2.40
2.40
3.60
-2.08
1.88
2.40
-2.30
2.04
1.99
-1.21
-0.58
-0.15
-0.81
-3.99
-0.08
4.09
4.23
-0.42
-2.20
0.29
-2.95
0.30
2.06
-0.26
2.75
-2.15
2.42
0.13
0.24
0.96
0.21
0.01
3.33
1.22
-2.05
-0.08
-2.75
1.68
-0.00
-0.00
-0.00
-0.00
-0.00
-0.00
-0.00
-0.00
-0.00
-0.00
-0.00
-0.00
-0.00
0.00
0.00
0.00
0.00
0.00
0.00
0.00
0.00
0.00
0.00
0.00
0.00
0.00
0.00
0.00
0.00
0.00
0.00
0.00
0.00
0.00
0.00
0.00
0.00
0.00
0.00
0.00
0.00
0.00
0.00
0.00
0.00
0.00
0.00
0.00
0.00
0.00
0.00
0.00
0.00
0.00
0.00
0.00
0.00
0.00
0.00
0.00
0.00
0.00
0.00
0.00
0.00
0.00
0.00
0.00
0.00
0.00
0.00
0.00
0.00
0.00
0.00
0.00
0.00
0.00
0.00
0.00
0.00
0.00
0.00
0.00
0.00
0.00
0.00
0.00
0.00
0.00
0.00
0.00
0.00
0.00
0.00
0.00
0.00
0.00
0.00
0.00
0.00
0.00
0.00
0.00
0.00
0.00
0.00
0.00
0.00
0.00
0.00
0.00
0.00
0.00
0.00
0.00
0.00
0.00
0.00
0.00
0.00
0.00
0.00
0.00
0.00
0.00
0.00
0.00
0.00
0.00
0.00
0.00
0.00
0.00
0.00
0.00
0.00
0.00
0.00
0.00
0.00
0.00
0.00
0.00
0.00
0.00
0.00
0.00
0.00
0.00
0.00
0.00
0.00
0.00
0.00
0.00
0.00
0.00
0.00
0.00
0.00
0.00
0.00
0.00
0.00
0.00
0.00
0.00
0.00
0.00
0.00
0.00
0.00
0.00
0.00
0.00
0.00
0.00
0.00
0.00
0.00
0.00
0.00
0.00
0.00
0.00
0.00
0.00
0.00
0.00
0.00
0.00
0.00
0.00
0.00
0.00
0.00
0.00
0.00
0.00
0.00
0.00
0.00
0.00
0.00
0.00
0.00
0.00
0.00
0.00
0.00
0.00
0.00
0.00
0.00
0.00
0.00
0.00
0.00
0.00
0.00
0.00
0.00
0.00
0.00
0.00
0.00
0.00
0.00
0.00
0.00
0.00
0.00
0.00
0.00
0.00
0.00
0.00
0.00
0.00
0.00
0.00
0.00
0.00
0.00
0.00
0.00
0.00
0.00
0.00
0.00
0.00
0.00
0.00
0.00
0.00
0.00
0.00
0.00
0.00
0.00
0.00
0.00
0.00
0.00
0.00
0.00
0.00
0.00
0.00
0.00
0.00
0.00
0.00
0.00
0.00
0.00
0.00
0.00
0.00
0.00
0.00
0.00
0.00
0.00
0.00
0.00
0.00
0.00
0.00
0.00
0.00
0.00
0.00
0.00
0.00
0.00
0.00
0.00
0.00
0.00
0.00
